[{"0": [0, 0, 0, 0, 0, 0, 0, 0, 0, 0, 0, 0, 0, 0, 0, 0, 0, 0, 0, 0, 0, 0, 0, 0, 0, 0, 0, 0, 0, 0, 0, 0, 0, 0, 0, 0, 0, 0, 0, 0, 0, 0, 0, 0, 0, 0, 0, 0, 0, 0, 0, 0, 0, 0, 0, 0, 0, 0, 0, 0, 0, 0, 0, 0, 0, 0, 0, 0, 0, 0, 0, 0, 0, 0, 0, 0, 0, 0, 0, 0, 0, 0, 0, 0, 0, 0, 0, 0, 0, 0, 0, 0, 0, 0, 0, 0, 0, 0, 0, 0, 0, 0, 0, 0, 0, 0, 0, 0, 0, 0, 0, 0, 0, 0, 0, 0, 0, 0, 0, 0]}, null, null, 27000, false, [], false, 0, [], null, 0, 1600729548.9313295, 0, {}]
[{"0": [0, 0, 0, 0, 0, 0, 0, 0, 0, 0, 0, 0, 0, 0, 0, 0, 0, 0, 0, 0, 0, 0, 0, 0, 0, 0, 0, 0, 0, 0, 0, 0, 0, 0, 0, 0, 0, 0, 0, 0, 0, 0, 0, 0, 0, 0, 0, 0, 0, 0, 0, 0, 0, 0, 0, 0, 0, 0, 0, 0, 0, 0, 0, 0, 0, 0, 0, 0, 0, 0, 0, 0, 0, 0, 0, 0, 0, 0, 0, 0, 0, 0, 0, 0, 0, 0, 0, 0, 0, 0, 0, 0, 0, 0, 0, 0, 0, 0, 0, 0, 0, 0, 0, 0, 0, 0, 0, 0, 0, 0, 0, 0, 0, 0, 0, 0, 0, 0, 0, 0]}, null, null, 27100, false, [], false, 0, [], null, 0, 1600729618.9184995, 0, {}]
[{"0": [0, 0, 0, 0, 0, 0, 0, 0, 0, 0, 0, 0, 0, 0, 0, 0, 0, 0, 0, 0, 0, 0, 0, 0, 0, 0, 0, 0, 0, 0, 0, 0, 0, 0, 0, 0, 0, 0, 0, 0, 0, 0, 0, 0, 0, 0, 0, 0, 0, 0, 0, 0, 0, 0, 0, 0, 0, 0, 0, 0, 0, 0, 0, 0, 0, 0, 0, 0, 0, 0, 0, 0, 0, 0, 0, 0, 0, 0, 0, 0, 0, 0, 0, 0, 0, 0, 0, 0, 0, 0, 0, 0, 0, 0, 0, 0, 0, 0, 0, 0, 0, 0, 0, 0, 0, 0, 0, 0, 0, 0, 0, 0, 0, 0, 0, 0, 0, 0, 0, 0]}, null, null, 27200, false, [], false, 0, [], null, 0, 1600729670.2806025, 0, {}]
[{"0": [0, 0, 0, 0, 0, 0, 0, 0, 0, 0, 0, 0, 0, 0, 0, 0, 0, 0, 0, 0, 0, 0, 0, 0, 0, 0, 0, 0, 0, 0, 0, 0, 0, 0, 0, 0, 0, 0, 0, 0, 0, 0, 0, 0, 0, 0, 0, 0, 0, 0, 0, 0, 0, 0, 0, 0, 0, 0, 0, 0, 0, 0, 0, 0, 0, 0, 0, 0, 0, 0, 0, 0, 0, 0, 0, 0, 0, 0, 0, 0, 0, 0, 0, 0, 0, 0, 0, 0, 0, 0, 0, 0, 0, 0, 0, 0, 0, 0, 0, 0, 0, 0, 0, 0, 0, 0, 0, 0, 0, 0, 0, 0, 0, 0, 0, 0, 0, 0, 0, 0]}, null, null, 27300, false, [], false, 0, [], null, 0, 1600729735.719755, 0, {}]
[{"0": [0, 0, 0, 0, 0, 0, 0, 0, 0, 0, 0, 0, 0, 0, 0, 0, 0, 0, 0, 0, 0, 0, 0, 0, 0, 0, 0, 0, 0, 0, 0, 0, 0, 0, 0, 0, 0, 0, 0, 0, 0, 0, 0, 0, 0, 0, 0, 0, 0, 0, 0, 0, 0, 0, 0, 0, 0, 0, 0, 0, 0, 0, 0, 0, 0, 0, 0, 0, 0, 0, 0, 0, 0, 0, 0, 0, 0, 0, 0, 0, 0, 0, 0, 0, 0, 0, 0, 0, 0, 0, 0, 0, 0, 0, 0, 0, 0, 0, 0, 0, 0, 0, 0, 0, 0, 0, 0, 0, 0, 0, 0, 0, 0, 0, 0, 0, 0, 0, 0, 0]}, null, null, 27400, false, [], false, 0, [], null, 0, 1600729781.9854925, 0, {}]
[{"0": [0, 0, 0, 0, 0, 0, 0, 0, 0, 0, 0, 0, 0, 0, 0, 0, 0, 0, 0, 0, 0, 0, 0, 0, 0, 0, 0, 0, 0, 0, 0, 0, 0, 0, 0, 0, 0, 0, 0, 0, 0, 0, 0, 0, 0, 0, 0, 0, 0, 0, 0, 0, 0, 0, 0, 0, 0, 0, 0, 0, 0, 0, 0, 0, 0, 0, 0, 0, 0, 0, 0, 0, 0, 0, 0, 0, 0, 0, 0, 0, 0, 0, 0, 0, 0, 0, 0, 0, 0, 0, 0, 0, 0, 0, 0, 0, 0, 0, 0, 0, 0, 0, 0, 0, 0, 0, 0, 0, 0, 0, 0, 0, 0, 0, 0, 0, 0, 0, 0, 0]}, null, null, 27500, false, [], false, 0, [], null, 0, 1600729835.259491, 0, {}]
[{"0": [0, 0, 0, 0, 0, 0, 0, 0, 0, 0, 0, 0, 0, 0, 0, 0, 0, 0, 0, 0, 0, 0, 0, 0, 0, 0, 0, 0, 0, 0, 0, 0, 0, 0, 0, 0, 0, 0, 0, 0, 0, 0, 0, 0, 0, 0, 0, 0, 0, 0, 0, 0, 0, 0, 0, 0, 0, 0, 0, 0, 0, 0, 0, 0, 0, 0, 0, 0, 0, 0, 0, 0, 0, 0, 0, 0, 0, 0, 0, 0, 0, 0, 0, 0, 0, 0, 0, 0, 0, 0, 0, 0, 0, 0, 0, 0, 0, 0, 0, 0, 0, 0, 0, 0, 0, 0, 0, 0, 0, 0, 0, 0, 0, 0, 0, 0, 0, 0, 0, 0]}, null, null, 27600, false, [], false, 0, [], null, 0, 1600729880.7908266, 0, {}]
[{"0": [0, 0, 0, 0, 0, 0, 0, 0, 0, 0, 0, 0, 0, 0, 0, 0, 0, 0, 0, 0, 0, 0, 0, 0, 0, 0, 0, 0, 0, 0, 0, 0, 0, 0, 0, 0, 0, 0, 0, 0, 0, 0, 0, 0, 0, 0, 0, 0, 0, 0, 0, 0, 0, 0, 0, 0, 0, 0, 0, 0, 0, 0, 0, 0, 0, 0, 0, 0, 0, 0, 0, 0, 0, 0, 0, 0, 0, 0, 0, 0, 0, 0, 0, 0, 0, 0, 0, 0, 0, 0, 0, 0, 0, 0, 0, 0, 0, 0, 0, 0, 0, 0, 0, 0, 0, 0, 0, 0, 0, 0, 0, 0, 0, 0, 0, 0, 0, 0, 0, 0]}, null, null, 27700, false, [], false, 0, [], null, 0, 1600729943.7294354, 0, {}]
[{"0": [0, 0, 0, 0, 0, 0, 0, 0, 0, 0, 0, 0, 0, 0, 0, 0, 0, 0, 0, 0, 0, 0, 0, 0, 0, 0, 0, 0, 0, 0, 0, 0, 0, 0, 0, 0, 0, 0, 0, 0, 0, 0, 0, 0, 0, 0, 0, 0, 0, 0, 0, 0, 0, 0, 0, 0, 0, 0, 0, 0, 0, 0, 0, 0, 0, 0, 0, 0, 0, 0, 0, 0, 0, 0, 0, 0, 0, 0, 0, 0, 0, 0, 0, 0, 0, 0, 0, 0, 0, 0, 0, 0, 0, 0, 0, 0, 0, 0, 0, 0, 0, 0, 0, 0, 0, 0, 0, 0, 0, 0, 0, 0, 0, 0, 0, 0, 0, 0, 0, 0]}, null, null, 27800, false, [], false, 0, [], null, 0, 1600730026.4205878, 0, {}]
[{"0": [0, 0, 0, 0, 0, 0, 0, 0, 0, 0, 0, 0, 0, 0, 0, 0, 0, 0, 0, 0, 0, 0, 0, 0, 0, 0, 0, 0, 0, 0, 0, 0, 0, 0, 0, 0, 0, 0, 0, 0, 0, 0, 0, 0, 0, 0, 0, 0, 0, 0, 0, 0, 0, 0, 0, 0, 0, 0, 0, 0, 0, 0, 0, 0, 0, 0, 0, 0, 0, 0, 0, 0, 0, 0, 0, 0, 0, 0, 0, 0, 0, 0, 0, 0, 0, 0, 0, 0, 0, 0, 0, 0, 0, 0, 0, 0, 0, 0, 0, 0, 0, 0, 0, 0, 0, 0, 0, 0, 0, 0, 0, 0, 0, 0, 0, 0, 0, 0, 0, 0]}, null, null, 27900, false, [], false, 0, [], null, 0, 1600730082.2642117, 0, {}]
[{"0": [0, 0, 0, 0, 0, 0, 0, 0, 0, 0, 0, 0, 0, 0, 0, 0, 0, 0, 0, 0, 0, 0, 0, 0, 0, 0, 0, 0, 0, 0, 0, 0, 0, 0, 0, 0, 0, 0, 0, 0, 0, 0, 0, 0, 0, 0, 0, 0, 0, 0, 0, 0, 0, 0, 0, 0, 0, 0, 0, 0, 0, 0, 0, 0, 0, 0, 0, 0, 0, 0, 0, 0, 0, 0, 0, 0, 0, 0, 0, 0, 0, 0, 0, 0, 0, 0, 0, 0, 0, 0, 0, 0, 0, 0, 0, 0, 0, 0, 0, 0, 0, 0, 0, 0, 0, 0, 0, 0, 0, 0, 0, 0, 0, 0, 0, 0, 0, 0, 0, 0]}, null, null, 28000, false, [], false, 0, [], null, 0, 1600730161.5703092, 0, {}]
[{"0": [0, 0, 0, 0, 0, 0, 0, 0, 0, 0, 0, 0, 0, 0, 0, 0, 0, 0, 0, 0, 0, 0, 0, 0, 0, 0, 0, 0, 0, 0, 0, 0, 0, 0, 0, 0, 0, 0, 0, 0, 0, 0, 0, 0, 0, 0, 0, 0, 0, 0, 0, 0, 0, 0, 0, 0, 0, 0, 0, 0, 0, 0, 0, 0, 0, 0, 0, 0, 0, 0, 0, 0, 0, 0, 0, 0, 0, 0, 0, 0, 0, 0, 0, 0, 0, 0, 0, 0, 0, 0, 0, 0, 0, 0, 0, 0, 0, 0, 0, 0, 0, 0, 0, 0, 0, 0, 0, 0, 0, 0, 0, 0, 0, 0, 0, 0, 0, 0, 0, 0]}, null, null, 28100, false, [], false, 0, [], null, 0, 1600730214.561127, 0, {}]
[{"0": [0, 0, 0, 0, 0, 0, 0, 0, 0, 0, 0, 0, 0, 0, 0, 0, 0, 0, 0, 0, 0, 0, 0, 0, 0, 0, 0, 0, 0, 0, 0, 0, 0, 0, 0, 0, 0, 0, 0, 0, 0, 0, 0, 0, 0, 0, 0, 0, 0, 0, 0, 0, 0, 0, 0, 0, 0, 0, 0, 0, 0, 0, 0, 0, 0, 0, 0, 0, 0, 0, 0, 0, 0, 0, 0, 0, 0, 0, 0, 0, 0, 0, 0, 0, 0, 0, 0, 0, 0, 0, 0, 0, 0, 0, 0, 0, 0, 0, 0, 0, 0, 0, 0, 0, 0, 0, 0, 0, 0, 0, 0, 0, 0, 0, 0, 0, 0, 0, 0, 0]}, null, null, 28200, false, [], false, 0, [], null, 0, 1600730267.5957432, 0, {}]
[{"0": [0, 0, 0, 0, 0, 0, 0, 1, 0, 0, 0, 0, 1, 0, 0, 0, 0, 0, 0, 0, 0, 0, 0, 0, 0, 0, 0, 0, 0, 0, 0, 0, 0, 0, 0, 0, 0, 0, 0, 0, 0, 0, 0, 0, 0, 0, 0, 0, 0, 0, 0, 0, 0, 0, 0, 0, 0, 0, 0, 0, 0, 0, 0, 0, 0, 0, 0, 0, 0, 0, 0, 0, 0, 0, 0, 0, 0, 0, 0, 0, 0, 0, 0, 1, 0, 0, 0, 0, 0, 0, 0, 0, 0, 1, 0, 0, 0, 0, 0, 0, 0, 0, 0, 0, 0, 0, 0, 0, 1, 0, 0, 0, 0, 0, 0, 0, 0, 0, 0, 0]}, null, null, 28300, false, [], false, 0, [], null, 0, 1600730337.9324129, 0, {}]
[{"0": [1, 0, 1, 0, 0, 0, 2, 0, 2, 4, 0, 0, 2, 0, 0, 2, 2, 0, 2, 0, 2, 2, 0, 0, 1, 3, 0, 2, 1, 0, 0, 2, 0, 4, 0, 0, 0, 2, 0, 1, 1, 0, 0, 1, 2, 0, 0, 1, 2, 2, 0, 4, 2, 2, 1, 3, 0, 1, 0, 2, 2, 1, 0, 4, 0, 3, 0, 0, 0, 2, 0, 3, 0, 3, 2, 3, 4, 3, 3, 1, 1, 3, 1, 1, 2, 1, 2, 2, 2, 1, 0, 0, 0, 0, 0, 0, 1, 0, 1, 1, 0, 0, 1, 0, 0, 3, 2, 0, 0, 0, 1, 1, 0, 1, 0, 0, 0, 0, 0, 3]}, null, null, 28400, false, [], false, 0, [], null, 0, 1600730390.1590188, 0, {}]
[{"0": [1, 2, 0, 1, 0, 2, 1, 3, 0, 2, 1, 2, 0, 1, 3, 4, 0, 0, 1, 1, 1, 0, 2, 3, 1, 1, 1, 1, 1, 0, 5, 2, 0, 1, 2, 4, 0, 1, 0, 0, 1, 2, 3, 1, 0, 3, 2, 2, 1, 4, 3, 2, 0, 0, 4, 2, 1, 1, 2, 0, 4, 2, 2, 4, 1, 1, 1, 1, 1, 3, 4, 4, 2, 0, 3, 1, 1, 1, 1, 1, 1, 0, 0, 1, 1, 0, 3, 0, 3, 2, 0, 4, 0, 2, 3, 2, 0, 1, 0, 0, 1, 0, 1, 3, 2, 3, 1, 1, 0, 1, 0, 1, 2, 2, 1, 3, 0, 1, 1, 3]}, null, null, 28500, false, [], false, 0, [], null, 0, 1600730456.0644119, 0, {}]
[{"0": [2, 0, 1, 0, 0, 0, 0, 0, 1, 0, 0, 2, 1, 0, 0, 0, 0, 0, 1, 2, 0, 0, 2, 0, 0, 1, 1, 0, 1, 1, 1, 1, 1, 2, 1, 1, 0, 2, 1, 0, 1, 0, 1, 0, 0, 2, 3, 0, 0, 2, 2, 0, 1, 1, 1, 0, 0, 3, 2, 0, 2, 2, 0, 0, 0, 1, 0, 0, 1, 1, 0, 1, 1, 0, 1, 0, 1, 1, 1, 1, 1, 0, 1, 0, 2, 0, 1, 1, 1, 0, 2, 0, 2, 0, 1, 0, 0, 5, 1, 0, 1, 0, 4, 2, 0, 0, 1, 0, 0, 0, 0, 0, 0, 0, 0, 1, 0, 0, 1, 1]}, null, null, 28600, false, [], false, 0, [], null, 0, 1600730513.941733, 0, {}]
[{"0": [0, 0, 0, 2, 0, 1, 3, 2, 0, 3, 1, 2, 0, 1, 2, 0, 1, 1, 0, 0, 0, 0, 0, 0, 0, 0, 0, 1, 2, 1, 1, 1, 0, 2, 0, 1, 0, 1, 2, 2, 3, 0, 0, 1, 0, 0, 3, 3, 1, 2, 1, 0, 1, 1, 0, 0, 3, 1, 3, 0, 1, 0, 2, 0, 0, 1, 6, 1, 3, 1, 3, 0, 0, 2, 3, 1, 0, 1, 1, 1, 0, 3, 2, 0, 1, 2, 1, 2, 1, 3, 0, 1, 1, 0, 0, 0, 1, 0, 1, 0, 1, 0, 0, 1, 0, 0, 0, 0, 0, 0, 0, 0, 0, 2, 1, 0, 0, 0, 0, 0]}, null, null, 28700, false, [], false, 0, [], null, 0, 1600730573.858279, 0, {}]
[{"0": [1, 2, 2, 0, 1, 2, 1, 2, 4, 3, 2, 4, 4, 3, 3, 5, 0, 2, 1, 1, 0, 1, 2, 2, 0, 2, 1, 2, 2, 3, 0, 2, 0, 6, 1, 2, 3, 2, 1, 4, 6, 2, 2, 3, 1, 3, 2, 4, 3, 2, 4, 1, 3, 1, 0, 1, 2, 0, 2, 1, 3, 0, 1, 0, 2, 0, 3, 3, 1, 6, 1, 0, 2, 1, 0, 3, 0, 1, 0, 1, 2, 4, 4, 4, 1, 2, 2, 5, 4, 4, 4, 6, 1, 0, 1, 2, 2, 1, 1, 2, 0, 1, 0, 0, 0, 0, 0, 0, 0, 0, 0, 0, 0, 0, 0, 1, 0, 0, 0, 0]}, null, null, 28800, false, [], false, 0, [], null, 0, 1600730633.657574, 0, {}]
[{"0": [0, 0, 2, 0, 1, 1, 3, 1, 3, 5, 4, 5, 2, 2, 4, 4, 5, 2, 1, 0, 0, 0, 1, 2, 1, 1, 5, 1, 2, 2, 4, 0, 2, 3, 2, 3, 5, 4, 3, 3, 0, 4, 5, 5, 3, 4, 3, 3, 5, 4, 1, 1, 0, 1, 4, 1, 1, 2, 4, 0, 3, 3, 0, 4, 3, 8, 3, 3, 4, 3, 3, 5, 4, 1, 1, 0, 2, 4, 2, 1, 4, 4, 2, 3, 6, 4, 3, 4, 5, 1, 4, 3, 3, 2, 1, 2, 2, 1, 1, 0, 3, 2, 1, 1, 0, 0, 0, 0, 0, 0, 0, 0, 0, 0, 0, 0, 1, 0, 0, 0]}, null, null, 28900, false, [], false, 0, [], null, 0, 1600730693.672321, 0, {}]
[{"0": [0, 0, 2, 1, 0, 1, 3, 3, 3, 4, 2, 0, 1, 4, 2, 4, 7, 2, 0, 0, 0, 0, 0, 1, 2, 1, 1, 3, 2, 4, 2, 2, 2, 2, 2, 2, 5, 2, 5, 2, 4, 2, 2, 1, 4, 3, 6, 3, 3, 4, 3, 2, 2, 3, 3, 4, 1, 4, 0, 1, 2, 3, 3, 3, 3, 2, 4, 4, 4, 3, 5, 1, 2, 4, 1, 1, 4, 3, 2, 2, 2, 4, 4, 2, 4, 5, 5, 1, 3, 2, 2, 3, 1, 2, 0, 1, 4, 0, 2, 3, 1, 0, 2, 2, 2, 0, 0, 0, 0, 0, 0, 0, 0, 0, 0, 0, 0, 0, 0, 0]}, null, null, 29000, false, [], false, 0, [], null, 0, 1600730753.6974437, 0, {}]
[{"0": [0, 1, 1, 0, 3, 1, 1, 2, 1, 2, 1, 2, 3, 2, 2, 0, 0, 2, 0, 0, 0, 1, 2, 3, 0, 3, 1, 2, 2, 2, 2, 5, 2, 1, 1, 1, 2, 0, 2, 0, 3, 5, 5, 4, 3, 3, 2, 5, 4, 1, 2, 6, 4, 3, 1, 1, 3, 1, 4, 3, 3, 1, 2, 2, 2, 4, 3, 3, 4, 2, 4, 4, 1, 2, 0, 2, 3, 2, 0, 2, 2, 2, 2, 3, 2, 2, 3, 2, 3, 2, 3, 2, 0, 0, 2, 0, 0, 0, 1, 0, 1, 2, 1, 1, 3, 0, 0, 2, 0, 0, 0, 0, 0, 0, 0, 0, 0, 1, 0, 0]}, null, null, 29100, false, [], false, 0, [], null, 0, 1600730816.0762727, 0, {}]
