# <?xml version="1.0" ?>
# <DataFileHeader>
#   <Variables>
#     <ColumnSpec>x, y</ColumnSpec>
#     <Element name="comment" type="str"></Element>
#     <Element name="counter" type="str">Plot</Element>
#     <Element name="name" type="str"></Element>
#     <Element name="traceCreation" type="datetime">2019-06-18 14:34:15.583948+00:00</Element>
#     <TracePlottingList>
#       <TracePlotting _bottomColumn="bottom" _filtColumn="None" _fitFunction="None" _heightColumn="height" _rawColumn="raw" _topColumn="top" _xColumn="x" _yColumn="y" fill="True" name="Counter 0" properties="&lt;trace.PlottedTrace.PlottedTraceProperties object at 0x0000025CA8884710&gt;" style="0" type="0" windowName="None" xAxisLabel="None" xAxisUnit="None" yAxisLabel="None">
#         <PlottedTraceProperties averageSameX="False" averageType="None" combinePoints="0"/>
#       </TracePlotting>
#     </TracePlottingList>
#   </Variables>
# </DataFileHeader>
1560868402.5146987	35.0
1560868402.614699	48.0
1560868402.7146988	39.0
1560868402.8146987	48.0
1560868402.9146986	39.0
1560868403.0146985	61.0
1560868403.1146986	46.0
1560868403.2146986	47.0
1560868403.3146987	45.0
1560868403.4146986	39.0
1560868403.5146983	41.0
1560868403.6146984	36.0
1560868403.7146983	49.0
1560868403.8146982	53.0
1560868403.9146984	47.0
1560868404.0146983	36.0
1560868404.1146982	36.0
1560868404.214698	53.0
1560868404.314698	59.0
1560868404.4146981	49.0
1560868404.514698	45.0
1560868404.6146982	55.0
1560868404.714698	52.0
1560868404.8146977	44.0
1560868404.914698	42.0
1560868405.0146978	48.0
1560868405.114698	46.0
1560868405.2146978	48.0
1560868405.3146977	49.0
1560868405.4146976	58.0
1560868405.5146976	55.0
1560868405.6146975	64.0
1560868405.7146976	56.0
1560868405.8146975	51.0
1560868405.9146976	50.0
1560868406.0146973	47.0
1560868406.1146972	63.0
1560868406.2146974	62.0
1560868406.3146973	58.0
1560868406.4146974	61.0
1560868406.5146973	72.0
1560868406.6146972	69.0
1560868406.7146971	52.0
1560868406.814697	56.0
1560868406.9146972	57.0
1560868407.014697	63.0
1560868407.114697	67.0
1560868407.2146971	69.0
1560868407.3146968	77.0
1560868407.4146967	69.0
1560868407.5146968	67.0
1560868407.6146967	70.0
1560868407.714697	65.0
1560868407.8146968	59.0
1560868407.9146967	65.0
1560868408.0146966	64.0
1560868408.1146965	74.0
1560868408.2146966	85.0
1560868408.3146966	81.0
1560868408.4146965	67.0
1560868408.5146966	69.0
1560868408.6146963	82.0
1560868408.7146964	88.0
1560868408.8146963	75.0
1560868408.9146962	90.0
1560868409.0146964	83.0
1560868409.1146963	79.0
1560868409.214696	79.0
1560868409.314696	91.0
1560868409.414696	96.0
1560868409.5146961	77.0
1560868409.614696	90.0
1560868409.714696	113.0
1560868409.814696	98.0
1560868409.9146957	112.0
1560868410.014696	98.0
1560868410.1146958	112.0
1560868410.2146957	119.0
1560868410.3146958	127.0
1560868410.4146957	124.0
1560868410.5146954	105.0
1560868410.6146955	131.0
1560868410.7146955	134.0
1560868410.8146956	141.0
1560868410.9146955	104.0
1560868411.0146954	138.0
1560868411.1146955	119.0
1560868411.2146952	149.0
1560868411.3146954	156.0
1560868411.4146953	130.0
1560868411.5146952	142.0
1560868411.6146953	195.0
1560868411.7146952	160.0
1560868411.8146951	181.0
1560868411.914695	162.0
1560868412.014695	203.0
1560868412.114695	148.0
1560868412.214695	164.0
1560868412.3146951	178.0
1560868412.4146948	224.0
1560868412.5146947	193.0
1560868412.6146948	212.0
1560868412.7146947	61.0
1560868412.8146946	41.0
1560868412.9146948	46.0
1560868413.0146947	41.0
1560868413.1146946	55.0
1560868413.2146945	42.0
1560868413.3146944	35.0
1560868413.4146945	44.0
1560868413.5146945	47.0
1560868413.6146946	39.0
1560868413.7146943	38.0
1560868413.8146942	43.0
1560868413.9146943	40.0
1560868414.0146942	45.0
1560868414.1146944	52.0
1560868414.2146943	34.0
1560868414.3146942	32.0
1560868414.414694	34.0
1560868414.514694	27.0
1560868414.6146939	35.0
1560868414.714694	39.0
1560868414.814694	33.0
1560868414.914694	44.0
1560868415.0146937	45.0
1560868415.1146936	35.0
1560868415.2146938	23.0
1560868415.3146937	30.0
1560868415.4146938	42.0
1560868415.5146937	44.0
1560868415.6146934	37.0
1560868415.7146935	39.0
1560868415.8146935	44.0
1560868415.9146934	42.0
1560868416.0146935	41.0
1560868416.1146934	44.0
1560868416.2146935	42.0
1560868416.3146932	42.0
1560868416.414693	34.0
1560868416.5146933	44.0
1560868416.6146932	44.0
1560868416.7146933	33.0
1560868416.8146932	45.0
1560868416.9146929	43.0
1560868417.014693	43.0
1560868417.114693	39.0
1560868417.214693	37.0
1560868417.314693	55.0
1560868417.4146929	43.0
1560868417.514693	50.0
1560868417.6146927	51.0
1560868417.7146926	48.0
1560868417.8146927	46.0
1560868417.9146926	30.0
1560868418.0146928	41.0
1560868418.1146927	45.0
1560868418.2146924	38.0
1560868418.3146925	45.0
1560868418.4146924	53.0
1560868418.5146925	42.0
1560868418.6146924	47.0
1560868418.7146924	49.0
1560868418.8146923	37.0
1560868418.9146922	48.0
1560868419.0146923	47.0
1560868419.1146922	56.0
1560868419.214692	51.0
1560868419.3146923	43.0
1560868419.4146922	37.0
1560868419.5146918	48.0
1560868419.614692	44.0
1560868419.7146919	43.0
1560868419.814692	42.0
1560868419.914692	52.0
1560868420.0146918	45.0
1560868420.1146917	52.0
1560868420.2146916	51.0
1560868420.3146918	51.0
1560868420.4146917	47.0
1560868420.5146916	42.0
1560868420.6146917	63.0
1560868420.7146916	60.0
1560868420.8146915	53.0
1560868420.9146914	42.0
1560868421.0146914	46.0
1560868421.1146915	58.0
1560868421.2146914	54.0
1560868421.3146915	59.0
1560868421.4146912	55.0
1560868421.514691	51.0
1560868421.6146913	50.0
1560868421.7146912	51.0
1560868421.814691	47.0
1560868421.9146912	53.0
1560868422.0146909	40.0
1560868422.114691	43.0
1560868422.214691	52.0
1560868422.3146908	68.0
1560868422.414691	58.0
1560868422.5146909	60.0
1560868422.614691	65.0
1560868422.7146907	50.0
1560868422.8146906	53.0
1560868422.9146907	64.0
1560868423.0146906	66.0
1560868423.1146905	54.0
1560868423.2146907	65.0
1560868423.3146904	62.0
1560868423.4146905	61.0
1560868423.5146904	56.0
1560868423.6146903	62.0
1560868423.7146904	83.0
1560868423.8146904	78.0
1560868423.9146905	56.0
1560868424.0146902	65.0
1560868424.11469	66.0
1560868424.2146902	77.0
1560868424.31469	66.0
1560868424.4146903	65.0
1560868424.5146902	77.0
1560868424.6146898	64.0
1560868424.71469	69.0
1560868424.8146899	92.0
1560868424.9146898	63.0
1560868425.01469	72.0
1560868425.1146898	76.0
1560868425.2146897	92.0
1560868425.3146896	107.0
1560868425.4146895	81.0
1560868425.5146897	88.0
1560868425.6146896	92.0
1560868425.7146897	88.0
1560868425.8146896	76.0
1560868425.9146893	84.0
1560868426.0146894	96.0
1560868426.1146894	106.0
1560868426.2146895	102.0
1560868426.3146894	112.0
1560868426.4146893	119.0
1560868426.5146892	101.0
1560868426.614689	113.0
1560868426.714689	120.0
1560868426.8146892	130.0
1560868426.914689	121.0
1560868427.0146892	148.0
1560868427.114689	148.0
1560868427.2146888	144.0
1560868427.314689	140.0
1560868427.4146888	144.0
1560868427.514689	173.0
1560868427.6146889	140.0
1560868427.7146888	182.0
1560868427.8146887	183.0
1560868427.9146886	163.0
1560868428.0146885	183.0
1560868428.1146886	196.0
1560868428.2146885	199.0
1560868428.3146887	205.0
1560868428.4146883	187.0
1560868428.5146883	192.0
1560868428.6146884	228.0
1560868428.7146883	187.0
1560868428.8146884	38.0
1560868428.9146883	49.0
1560868429.0146883	38.0
1560868429.1146882	42.0
1560868429.214688	46.0
1560868429.3146882	52.0
1560868429.414688	47.0
1560868429.514688	41.0
1560868429.6146882	40.0
1560868429.7146878	42.0
1560868429.8146877	40.0
1560868429.9146879	51.0
1560868430.0146878	37.0
1560868430.114688	44.0
1560868430.2146878	34.0
1560868430.3146877	50.0
1560868430.4146876	52.0
1560868430.5146875	42.0
1560868430.6146877	44.0
1560868430.7146876	42.0
1560868430.8146875	40.0
1560868430.9146876	45.0
1560868431.0146873	39.0
1560868431.1146874	42.0
1560868431.2146873	43.0
1560868431.3146873	44.0
1560868431.4146874	41.0
1560868431.5146873	37.0
1560868431.614687	43.0
1560868431.714687	40.0
1560868431.814687	37.0
1560868431.9146872	40.0
1560868432.014687	44.0
1560868432.114687	43.0
1560868432.214687	40.0
1560868432.3146868	48.0
1560868432.414687	39.0
1560868432.5146868	45.0
1560868432.6146867	43.0
1560868432.7146869	53.0
1560868432.8146868	50.0
1560868432.9146867	33.0
1560868433.0146866	35.0
1560868433.1146865	44.0
1560868433.2146866	36.0
1560868433.3146865	42.0
1560868433.4146867	52.0
1560868433.5146866	45.0
1560868433.6146863	46.0
1560868433.7146864	52.0
1560868433.8146863	39.0
1560868433.9146862	35.0
1560868434.0146863	51.0
1560868434.1146863	53.0
1560868434.2146862	55.0
1560868434.314686	30.0
1560868434.414686	51.0
1560868434.514686	40.0
1560868434.614686	37.0
1560868434.7146862	49.0
1560868434.8146858	39.0
1560868434.9146857	48.0
1560868435.0146859	39.0
1560868435.1146858	39.0
1560868435.2146857	55.0
1560868435.3146858	42.0
1560868435.4146857	48.0
1560868435.5146856	60.0
1560868435.6146855	37.0
1560868435.7146854	55.0
1560868435.8146856	43.0
1560868435.9146855	48.0
1560868436.0146856	50.0
1560868436.1146853	49.0
1560868436.2146852	53.0
1560868436.3146853	54.0
1560868436.4146852	44.0
1560868436.5146854	43.0
1560868436.6146853	53.0
1560868436.7146852	45.0
1560868436.814685	49.0
1560868436.914685	47.0
1560868437.014685	56.0
1560868437.114685	57.0
1560868437.214685	59.0
1560868437.314685	44.0
1560868437.4146848	63.0
1560868437.5146847	47.0
1560868437.6146848	75.0
1560868437.7146847	51.0
1560868437.8146849	49.0
1560868437.9146848	62.0
1560868438.0146844	52.0
1560868438.1146846	71.0
1560868438.2146845	70.0
1560868438.3146846	61.0
1560868438.4146845	67.0
1560868438.5146844	65.0
1560868438.6146846	66.0
1560868438.7146842	57.0
1560868438.8146842	58.0
1560868438.9146843	71.0
1560868439.0146842	65.0
1560868439.1146843	81.0
1560868439.2146842	55.0
1560868439.314684	51.0
1560868439.414684	69.0
1560868439.514684	67.0
1560868439.614684	62.0
1560868439.714684	74.0
1560868439.814684	58.0
1560868439.914684	59.0
1560868440.0146837	74.0
1560868440.1146836	68.0
1560868440.2146838	59.0
1560868440.3146837	70.0
1560868440.4146838	64.0
1560868440.5146837	69.0
1560868440.6146834	77.0
1560868440.7146835	82.0
1560868440.8146834	79.0
1560868440.9146836	79.0
1560868441.0146835	81.0
1560868441.1146834	84.0
1560868441.2146833	80.0
1560868441.3146832	84.0
1560868441.4146833	96.0
1560868441.5146832	90.0
1560868441.6146832	99.0
1560868441.7146833	112.0
1560868441.8146832	112.0
1560868441.9146829	91.0
1560868442.014683	116.0
1560868442.114683	109.0
1560868442.214683	99.0
1560868442.314683	113.0
1560868442.4146829	112.0
1560868442.5146828	136.0
1560868442.6146827	132.0
1560868442.7146828	125.0
1560868442.8146827	139.0
1560868442.9146826	147.0
1560868443.0146828	138.0
1560868443.1146827	127.0
1560868443.2146826	137.0
1560868443.3146825	161.0
1560868443.4146824	155.0
1560868443.5146825	177.0
1560868443.6146824	169.0
1560868443.7146826	181.0
1560868443.8146822	203.0
1560868443.9146821	189.0
1560868444.0146823	155.0
1560868444.1146822	171.0
1560868444.214682	209.0
1560868444.3146822	193.0
1560868444.414682	209.0
1560868444.514682	165.0
1560868444.614682	51.0
1560868444.7146819	53.0
1560868444.814682	44.0
1560868444.914682	34.0
1560868445.014682	41.0
1560868445.1146817	51.0
1560868445.2146816	57.0
1560868445.3146818	43.0
1560868445.4146817	32.0
1560868445.5146818	42.0
1560868445.6146817	40.0
1560868445.7146814	45.0
1560868445.8146815	37.0
1560868445.9146814	39.0
1560868446.0146813	48.0
1560868446.1146815	42.0
1560868446.2146814	42.0
1560868446.3146815	44.0
1560868446.4146812	42.0
1560868446.514681	47.0
1560868446.6146812	44.0
1560868446.7146811	42.0
1560868446.8146813	39.0
1560868446.9146812	34.0
1560868447.0146809	53.0
1560868447.114681	46.0
1560868447.214681	32.0
1560868447.3146808	29.0
1560868447.414681	53.0
1560868447.5146809	42.0
1560868447.6146808	47.0
1560868447.7146807	38.0
1560868447.8146806	39.0
1560868447.9146807	38.0
1560868448.0146806	39.0
1560868448.1146808	41.0
1560868448.2146807	37.0
1560868448.3146803	46.0
1560868448.4146805	44.0
1560868448.5146804	49.0
1560868448.6146805	42.0
1560868448.7146804	38.0
1560868448.8146803	51.0
1560868448.9146802	49.0
1560868449.0146801	41.0
1560868449.11468	47.0
1560868449.2146802	45.0
1560868449.31468	41.0
1560868449.4146802	47.0
1560868449.5146801	50.0
1560868449.6146798	35.0
1560868449.71468	47.0
1560868449.8146799	42.0
1560868449.91468	51.0
1560868450.01468	55.0
1560868450.1146798	48.0
1560868450.2146797	46.0
1560868450.3146796	47.0
1560868450.4146798	51.0
1560868450.5146797	58.0
1560868450.6146796	61.0
1560868450.7146797	49.0
1560868450.8146794	60.0
1560868450.9146793	44.0
1560868451.0146794	45.0
1560868451.1146793	59.0
1560868451.2146795	60.0
1560868451.3146794	41.0
1560868451.4146793	45.0
1560868451.5146792	49.0
1560868451.614679	61.0
1560868451.7146792	54.0
1560868451.8146791	41.0
1560868451.914679	47.0
1560868452.0146792	53.0
1560868452.1146789	51.0
1560868452.2146788	49.0
1560868452.314679	51.0
1560868452.4146788	63.0