[{"0": [1, 1, 1, 0, 1, 2, 2, 2, 1, 2, 3, 0, 0, 1, 4, 0, 2, 3, 1, 3, 0, 2, 1, 1, 0, 0, 0, 1, 0, 2, 0, 1, 2, 1, 2, 4, 1, 3, 2, 2, 4, 2, 2, 2, 0, 3, 7, 0, 1, 0, 1, 1, 0, 3, 3, 1, 1, 1, 0, 1]}, null, null, 0, false, [], false, 0, [], null, 0, 1598046969.1556885, 0, {}]
[{"0": [3, 1, 0, 1, 7, 0, 1, 1, 1, 1, 0, 0, 2, 0, 4, 1, 0, 0, 1, 0, 0, 3, 0, 2, 0, 2, 1, 1, 2, 3, 1, 2, 2, 1, 1, 3, 2, 1, 1, 1, 1, 0, 2, 0, 3, 0, 0, 1, 0, 1, 2, 2, 4, 0, 0, 1, 2, 1, 1, 2]}, null, null, 0, false, [], false, 0, [], null, 0, 1598046999.6900597, 0, {}]
[{"0": [4, 2, 1, 0, 0, 2, 0, 2, 0, 3, 1, 1, 2, 0, 1, 1, 3, 0, 1, 1, 5, 2, 0, 3, 2, 2, 1, 1, 0, 2, 1, 0, 0, 0, 5, 4, 1, 4, 2, 0, 1, 2, 2, 1, 0, 2, 0, 2, 2, 1, 0, 0, 3, 2, 2, 0, 1, 0, 1, 2]}, null, null, 0, false, [], false, 0, [], null, 0, 1598047029.6932905, 0, {}]
[{"0": [1, 0, 2, 4, 0, 1, 1, 1, 1, 0, 1, 1, 2, 3, 1, 1, 3, 0, 2, 1, 2, 1, 2, 1, 0, 2, 1, 2, 0, 1, 3, 2, 0, 1, 1, 2, 1, 1, 0, 0, 1, 0, 2, 1, 1, 1, 4, 2, 0, 2, 2, 1, 0, 0, 0, 0, 5, 1, 1, 0]}, null, null, 0, false, [], false, 0, [], null, 0, 1598047059.698891, 0, {}]
[{"0": [0, 2, 0, 4, 1, 1, 1, 2, 2, 1, 0, 0, 0, 0, 4, 0, 0, 2, 1, 1, 3, 0, 2, 1, 2, 0, 0, 0, 3, 3, 1, 1, 0, 1, 2, 0, 1, 2, 1, 2, 0, 1, 2, 1, 0, 2, 3, 1, 1, 0, 1, 3, 2, 2, 5, 3, 4, 1, 1, 2]}, null, null, 0, false, [], false, 0, [], null, 0, 1598047089.7123163, 0, {}]
[{"0": [3, 3, 0, 0, 1, 2, 4, 1, 1, 3, 0, 0, 2, 3, 1, 0, 1, 4, 1, 4, 1, 3, 2, 0, 0, 2, 2, 0, 0, 2, 2, 4, 4, 4, 3, 1, 0, 3, 3, 4, 1, 0, 3, 2, 3, 2, 2, 0, 1, 4, 1, 0, 0, 3, 1, 1, 2, 1, 1, 0]}, null, null, 0, false, [], false, 0, [], null, 0, 1598047119.7164671, 0, {}]
[{"0": [1, 0, 1, 2, 3, 1, 0, 0, 1, 2, 1, 0, 1, 1, 0, 1, 2, 4, 2, 0, 1, 0, 2, 1, 5, 2, 2, 0, 3, 3, 0, 1, 0, 2, 0, 0, 0, 1, 2, 3, 4, 1, 1, 2, 0, 0, 0, 0, 0, 1, 2, 1, 1, 2, 4, 1, 3, 1, 3, 1]}, null, null, 0, false, [], false, 0, [], null, 0, 1598047149.7280846, 0, {}]
[{"0": [1, 1, 1, 1, 3, 0, 0, 1, 0, 1, 4, 1, 1, 1, 1, 2, 1, 2, 2, 0, 2, 5, 2, 1, 2, 1, 0, 0, 2, 2, 2, 1, 2, 2, 1, 1, 1, 0, 2, 1, 1, 2, 3, 0, 3, 0, 2, 4, 1, 1, 1, 2, 0, 1, 1, 2, 3, 0, 1, 4]}, null, null, 0, false, [], false, 0, [], null, 0, 1598047179.7419589, 0, {}]
[{"0": [2, 1, 2, 2, 1, 0, 2, 2, 1, 0, 2, 3, 3, 1, 1, 1, 4, 2, 3, 1, 3, 1, 1, 3, 3, 1, 1, 1, 2, 1, 2, 0, 1, 0, 1, 1, 0, 2, 1, 2, 2, 2, 1, 0, 0, 1, 1, 0, 3, 0, 2, 2, 2, 1, 3, 1, 0, 1, 1, 2]}, null, null, 0, false, [], false, 0, [], null, 0, 1598047209.7574277, 0, {}]
[{"0": [0, 0, 1, 1, 4, 3, 1, 0, 3, 2, 3, 4, 0, 2, 4, 1, 1, 0, 2, 1, 2, 2, 2, 4, 0, 2, 2, 1, 2, 1, 2, 0, 0, 0, 1, 2, 2, 0, 1, 1, 1, 0, 3, 0, 1, 0, 1, 4, 3, 2, 2, 2, 4, 3, 2, 0, 0, 0, 0, 2]}, null, null, 0, false, [], false, 0, [], null, 0, 1598047239.7559743, 0, {}]
[{"0": [2, 0, 1, 0, 2, 1, 1, 2, 1, 0, 1, 2, 3, 1, 1, 3, 0, 1, 0, 0, 3, 0, 3, 0, 2, 0, 2, 2, 1, 1, 1, 2, 2, 0, 2, 0, 2, 2, 2, 3, 1, 0, 1, 1, 1, 2, 1, 0, 1, 0, 3, 5, 1, 1, 4, 3, 0, 0, 1, 2]}, null, null, 0, false, [], false, 0, [], null, 0, 1598047269.7792914, 0, {}]
[{"0": [0, 0, 4, 1, 3, 0, 1, 1, 1, 2, 0, 1, 1, 0, 0, 2, 2, 0, 1, 0, 1, 0, 0, 2, 3, 2, 1, 2, 1, 2, 0, 2, 4, 0, 1, 0, 1, 3, 2, 1, 3, 2, 1, 0, 2, 1, 0, 0, 2, 2, 1, 0, 0, 0, 0, 2, 0, 1, 0, 0]}, null, null, 0, false, [], false, 0, [], null, 0, 1598047298.6805918, 0, {}]
[{"0": [2, 0, 0, 1, 3, 1, 0, 1, 3, 1, 2, 0, 1, 2, 1, 1, 1, 1, 1, 1, 2, 4, 1, 1, 1, 2, 1, 1, 0, 1, 1, 2, 4, 1, 1, 0, 0, 1, 1, 0, 1, 3, 2, 2, 6, 1, 2, 1, 1, 0, 1, 2, 0, 2, 0, 1, 2, 1, 1, 1]}, null, null, 0, false, [], false, 0, [], null, 0, 1598047332.3227904, 0, {}]
[{"0": [1, 1, 2, 0, 1, 1, 1, 4, 1, 4, 2, 1, 1, 4, 2, 0, 2, 1, 1, 2, 1, 0, 1, 2, 4, 1, 2, 2, 1, 0, 0, 2, 0, 0, 1, 1, 3, 3, 1, 1, 0, 1, 1, 0, 1, 2, 3, 2, 0, 0, 1, 1, 0, 1, 0, 1, 0, 0, 1, 1]}, null, null, 0, false, [], false, 0, [], null, 0, 1598047358.7289717, 0, {}]
[{"0": [1, 0, 4, 1, 3, 1, 3, 1, 1, 0, 2, 2, 2, 1, 3, 0, 0, 2, 0, 2, 1, 3, 1, 0, 0, 1, 0, 2, 4, 0, 2, 0, 4, 3, 0, 4, 0, 0, 2, 1, 0, 0, 3, 0, 1, 3, 2, 2, 1, 0, 2, 1, 4, 2, 4, 1, 2, 0, 1, 2]}, null, null, 0, false, [], false, 0, [], null, 0, 1598047379.2421877, 0, {}]
[{"0": [2, 1, 1, 2, 1, 4, 1, 2, 0, 0, 3, 1, 1, 2, 1, 1, 5, 1, 4, 1, 3, 1, 0, 0, 1, 2, 1, 4, 2, 2, 3, 2, 1, 2, 0, 1, 1, 0, 0, 0, 2, 0, 2, 2, 1, 2, 0, 1, 3, 2, 0, 2, 2, 2, 4, 1, 0, 3, 2, 2]}, null, null, 0, false, [], false, 0, [], null, 0, 1598047404.6322167, 0, {}]
[{"0": [0, 0, 1, 0, 2, 0, 3, 4, 1, 2, 1, 1, 3, 2, 5, 0, 1, 1, 0, 2, 2, 3, 1, 1, 0, 1, 0, 1, 2, 1, 1, 1, 2, 0, 1, 1, 1, 1, 0, 1, 2, 3, 3, 1, 1, 1, 1, 1, 1, 3, 1, 4, 0, 0, 1, 2, 2, 0, 0, 4]}, null, null, 0, false, [], false, 0, [], null, 0, 1598047436.2826753, 0, {}]
[{"0": [1, 1, 0, 0, 0, 1, 0, 1, 0, 3, 0, 1, 3, 1, 0, 1, 0, 1, 1, 1, 1, 0, 0, 3, 2, 1, 0, 1, 1, 3, 2, 2, 0, 3, 0, 1, 3, 0, 1, 2, 0, 2, 0, 1, 2, 1, 0, 0, 2, 2, 1, 1, 2, 2, 3, 2, 1, 0, 1, 1]}, null, null, 0, false, [], false, 0, [], null, 0, 1598047461.153732, 0, {}]
[{"0": [1, 0, 0, 1, 2, 1, 0, 2, 1, 0, 2, 1, 0, 2, 0, 3, 0, 0, 1, 0, 0, 0, 2, 3, 0, 1, 1, 1, 2, 0, 5, 2, 2, 2, 3, 1, 1, 1, 4, 0, 1, 2, 2, 0, 2, 0, 3, 1, 0, 0, 0, 0, 2, 0, 3, 0, 1, 1, 2, 2]}, null, null, 0, false, [], false, 0, [], null, 0, 1598047483.177685, 0, {}]
[{"0": [0, 1, 1, 1, 0, 3, 1, 0, 0, 1, 0, 1, 1, 0, 1, 0, 0, 2, 5, 2, 1, 1, 1, 0, 5, 2, 0, 0, 2, 1, 1, 0, 0, 1, 1, 2, 2, 1, 2, 0, 1, 2, 1, 0, 0, 1, 1, 0, 2, 3, 0, 0, 2, 1, 2, 4, 3, 2, 4, 1]}, null, null, 0, false, [], false, 0, [], null, 0, 1598047512.4521186, 0, {}]
[{"0": [3, 2, 0, 1, 1, 0, 1, 3, 2, 0, 1, 3, 2, 3, 0, 2, 4, 0, 0, 1, 3, 2, 1, 2, 1, 0, 0, 3, 0, 1, 0, 1, 0, 0, 3, 3, 2, 1, 1, 1, 0, 0, 1, 2, 0, 1, 0, 1, 1, 4, 0, 1, 2, 1, 1, 0, 1, 2, 1, 1]}, null, null, 0, false, [], false, 0, [], null, 0, 1598047551.3857684, 0, {}]
[{"0": [2, 1, 1, 0, 1, 6, 3, 0, 1, 0, 1, 1, 4, 1, 0, 1, 2, 1, 0, 2, 1, 1, 0, 1, 0, 1, 0, 2, 0, 1, 3, 1, 2, 2, 2, 1, 0, 0, 0, 1, 1, 2, 3, 1, 2, 2, 3, 1, 1, 0, 0, 3, 4, 0, 0, 2, 1, 2, 1, 1]}, null, null, 0, false, [], false, 0, [], null, 0, 1598047596.3747158, 0, {}]
[{"0": [1, 1, 1, 1, 0, 0, 3, 1, 0, 2, 0, 1, 2, 0, 1, 1, 1, 1, 0, 2, 1, 2, 0, 0, 2, 0, 0, 1, 1, 1, 1, 1, 1, 1, 1, 3, 1, 2, 2, 2, 1, 1, 1, 3, 1, 0, 2, 1, 1, 1, 3, 2, 2, 2, 3, 0, 0, 3, 1, 3]}, null, null, 0, false, [], false, 0, [], null, 0, 1598047633.1068828, 0, {}]
[{"0": [2, 1, 1, 5, 3, 0, 0, 2, 0, 0, 1, 1, 3, 1, 2, 1, 0, 0, 1, 4, 1, 2, 2, 1, 0, 1, 0, 2, 2, 3, 1, 1, 0, 1, 2, 0, 0, 0, 2, 2, 1, 3, 0, 2, 3, 0, 0, 1, 2, 2, 2, 4, 1, 0, 1, 2, 2, 2, 2, 2]}, null, null, 0, false, [], false, 0, [], null, 0, 1598047659.8720088, 0, {}]
[{"0": [3, 1, 0, 1, 1, 2, 0, 5, 0, 0, 2, 2, 3, 2, 2, 1, 1, 1, 2, 1, 0, 2, 2, 1, 2, 1, 1, 1, 2, 2, 2, 0, 1, 3, 2, 1, 0, 1, 3, 0, 0, 3, 3, 3, 3, 2, 2, 1, 1, 0, 2, 5, 0, 0, 2, 1, 1, 0, 1, 2]}, null, null, 0, false, [], false, 0, [], null, 0, 1598047689.8095536, 0, {}]
[{"0": [0, 2, 0, 0, 1, 3, 1, 1, 0, 4, 1, 1, 3, 0, 2, 0, 2, 2, 1, 0, 0, 3, 3, 1, 2, 1, 0, 0, 1, 1, 1, 4, 1, 2, 1, 0, 2, 1, 4, 0, 1, 0, 1, 2, 1, 2, 1, 3, 0, 2, 3, 1, 2, 0, 3, 0, 2, 3, 0, 0]}, null, null, 0, false, [], false, 0, [], null, 0, 1598047719.8230023, 0, {}]
[{"0": [0, 1, 1, 2, 1, 1, 2, 2, 1, 1, 3, 0, 2, 2, 0, 0, 1, 1, 3, 2, 3, 2, 3, 1, 3, 2, 0, 2, 1, 1, 2, 1, 1, 2, 0, 2, 1, 0, 2, 1, 0, 2, 1, 3, 3, 0, 3, 3, 0, 2, 1, 2, 1, 0, 2, 2, 1, 1, 0, 0]}, null, null, 0, false, [], false, 0, [], null, 0, 1598047749.8336277, 0, {}]
[{"0": [0, 1, 1, 1, 0, 2, 1, 2, 2, 0, 1, 1, 0, 3, 2, 4, 1, 2, 1, 2, 2, 0, 2, 0, 0, 3, 3, 2, 3, 1, 2, 0, 0, 2, 2, 3, 0, 2, 1, 2, 2, 1, 3, 0, 2, 3, 2, 0, 0, 0, 0, 2, 3, 2, 1, 0, 0, 1, 3, 0]}, null, null, 0, false, [], false, 0, [], null, 0, 1598047779.8491607, 0, {}]
[{"0": [0, 1, 2, 2, 2, 3, 1, 3, 1, 1, 1, 2, 1, 2, 4, 1, 2, 1, 2, 1, 1, 0, 2, 1, 0, 1, 1, 4, 0, 1, 1, 1, 0, 0, 1, 1, 2, 2, 0, 1, 1, 1, 1, 0, 1, 3, 1, 1, 0, 0, 0, 2, 0, 0, 4, 3, 1, 2, 1, 4]}, null, null, 0, false, [], false, 0, [], null, 0, 1598047809.8532605, 0, {}]
[{"0": [2, 2, 1, 1, 2, 0, 1, 0, 0, 1, 2, 0, 3, 1, 3, 1, 0, 0, 2, 2, 0, 0, 0, 0, 2, 1, 2, 0, 2, 1, 0, 0, 3, 1, 1, 2, 3, 2, 2, 3, 7, 4, 1, 1, 1, 0, 1, 0, 0, 2, 0, 0, 2, 0, 0, 2, 2, 2, 1, 3]}, null, null, 0, false, [], false, 0, [], null, 0, 1598047839.8782778, 0, {}]
[{"0": [1, 1, 1, 4, 2, 3, 0, 1, 1, 1, 0, 1, 1, 3, 1, 2, 1, 1, 0, 1, 5, 1, 3, 0, 0, 0, 2, 3, 5, 0, 0, 3, 1, 3, 1, 1, 2, 0, 0, 1, 1, 0, 0, 1, 1, 0, 2, 1, 3, 2, 0, 1, 2, 0, 0, 4, 1, 2, 2, 3]}, null, null, 0, false, [], false, 0, [], null, 0, 1598047869.8761544, 0, {}]
[{"0": [0, 0, 1, 0, 2, 2, 1, 1, 2, 1, 0, 1, 1, 1, 3, 0, 3, 1, 1, 2, 2, 0, 0, 2, 1, 0, 2, 1, 1, 1, 4, 1, 1, 1, 1, 1, 3, 0, 1, 4, 3, 1, 0, 0, 2, 1, 2, 1, 2, 1, 3, 1, 3, 0, 1, 1, 4, 1, 2, 1]}, null, null, 0, false, [], false, 0, [], null, 0, 1598047899.8759453, 0, {}]
[{"0": [1, 1, 0, 2, 0, 1, 0, 0, 3, 0, 3, 0, 1, 1, 4, 1, 2, 0, 3, 3, 2, 1, 0, 0, 0, 7, 2, 2, 0, 2, 1, 1, 0, 1, 1, 4, 2, 3, 2, 1, 0, 1, 1, 3, 1, 2, 0, 1, 2, 2, 3, 2, 3, 0, 1, 0, 2, 2, 1, 3]}, null, null, 0, false, [], false, 0, [], null, 0, 1598047929.8929718, 0, {}]
[{"0": [1, 1, 0, 0, 2, 1, 0, 1, 2, 2, 1, 4, 2, 1, 1, 0, 0, 1, 0, 2, 1, 0, 0, 2, 0, 0, 0, 1, 3, 3, 0, 2, 2, 2, 3, 3, 1, 0, 1, 1, 2, 1, 1, 0, 5, 1, 3, 1, 3, 2, 2, 4, 1, 1, 1, 2, 2, 4, 0, 2]}, null, null, 0, false, [], false, 0, [], null, 0, 1598047959.907064, 0, {}]
[{"0": [2, 1, 1, 1, 0, 1, 2, 1, 2, 2, 3, 1, 1, 1, 2, 1, 0, 0, 0, 2, 3, 2, 1, 1, 1, 0, 0, 0, 0, 0, 2, 2, 1, 1, 2, 2, 3, 0, 1, 3, 0, 0, 2, 1, 3, 2, 1, 1, 0, 1, 6, 1, 1, 2, 1, 2, 0, 0, 1, 2]}, null, null, 0, false, [], false, 0, [], null, 0, 1598047989.904234, 0, {}]
[{"0": [0, 3, 0, 0, 1, 0, 2, 0, 1, 1, 2, 3, 1, 2, 2, 1, 0, 0, 2, 2, 0, 0, 1, 0, 1, 2, 2, 1, 1, 2, 1, 1, 2, 0, 1, 1, 1, 0, 2, 1, 0, 0, 1, 1, 2, 1, 1, 2, 3, 1, 0, 2, 1, 0, 2, 0, 0, 1, 2, 2]}, null, null, 0, false, [], false, 0, [], null, 0, 1598048019.920128, 0, {}]
[{"0": [0, 0, 3, 1, 0, 2, 0, 1, 3, 2, 0, 0, 1, 2, 1, 0, 0, 0, 1, 1, 0, 0, 2, 0, 2, 0, 3, 0, 2, 0, 1, 1, 0, 0, 4, 3, 1, 1, 0, 1, 2, 0, 0, 2, 1, 1, 3, 4, 2, 3, 1, 1, 2, 2, 4, 0, 1, 2, 1, 0]}, null, null, 0, false, [], false, 0, [], null, 0, 1598048049.9267297, 0, {}]
[{"0": [2, 2, 0, 2, 1, 1, 1, 2, 2, 3, 1, 0, 0, 0, 2, 1, 0, 1, 3, 1, 2, 1, 2, 0, 1, 0, 0, 0, 2, 1, 2, 0, 1, 0, 2, 2, 2, 0, 1, 0, 0, 0, 2, 1, 4, 2, 0, 3, 2, 1, 2, 1, 0, 2, 0, 0, 1, 1, 1, 1]}, null, null, 0, false, [], false, 0, [], null, 0, 1598048079.942499, 0, {}]
[{"0": [1, 2, 1, 1, 1, 2, 4, 2, 0, 2, 0, 0, 2, 0, 3, 1, 3, 4, 4, 1, 2, 3, 1, 1, 2, 0, 2, 1, 1, 2, 1, 2, 0, 4, 2, 1, 2, 0, 0, 3, 1, 0, 3, 0, 0, 0, 0, 1, 2, 3, 3, 1, 1, 4, 5, 2, 1, 0, 0, 1]}, null, null, 0, false, [], false, 0, [], null, 0, 1598048109.951214, 0, {}]
[{"0": [1, 2, 0, 0, 2, 1, 1, 1, 1, 3, 0, 0, 2, 0, 2, 0, 1, 3, 1, 2, 0, 1, 3, 2, 1, 1, 0, 0, 0, 1, 3, 1, 0, 1, 0, 0, 1, 2, 1, 1, 2, 3, 1, 1, 0, 0, 3, 3, 1, 1, 0, 1, 1, 1, 3, 1, 5, 3, 1, 0]}, null, null, 0, false, [], false, 0, [], null, 0, 1598048139.9510272, 0, {}]
[{"0": [0, 3, 2, 1, 0, 0, 1, 1, 0, 1, 3, 3, 2, 1, 0, 3, 2, 0, 0, 3, 0, 1, 0, 1, 1, 4, 0, 2, 0, 3, 1, 2, 1, 5, 1, 2, 2, 1, 2, 1, 4, 1, 2, 0, 1, 0, 4, 2, 2, 3, 0, 0, 2, 1, 0, 2, 2, 2, 0, 5]}, null, null, 0, false, [], false, 0, [], null, 0, 1598048169.9702148, 0, {}]
[{"0": [0, 3, 1, 0, 0, 0, 2, 3, 1, 3, 1, 0, 2, 1, 0, 0, 1, 0, 0, 0, 0, 1, 0, 1, 2, 1, 2, 3, 1, 1, 3, 2, 2, 2, 0, 1, 0, 2, 1, 0, 0, 1, 0, 3, 1, 0, 0, 2, 0, 7, 2, 0, 1, 0, 1, 3, 3, 0, 3, 0]}, null, null, 0, false, [], false, 0, [], null, 0, 1598048199.9729636, 0, {}]
[{"0": [4, 0, 2, 1, 3, 2, 0, 2, 0, 2, 1, 2, 5, 1, 2, 1, 2, 1, 0, 1, 0, 1, 1, 1, 1, 0, 2, 0, 0, 0, 3, 0, 0, 2, 1, 0, 0, 1, 1, 1, 1, 1, 2, 0, 0, 4, 1, 1, 0, 0, 2, 2, 2, 0, 0, 0, 1, 0, 1, 3]}, null, null, 0, false, [], false, 0, [], null, 0, 1598048229.985973, 0, {}]
[{"0": [0, 3, 1, 2, 2, 3, 1, 0, 1, 2, 1, 1, 0, 2, 0, 1, 2, 3, 1, 1, 6, 0, 1, 0, 2, 2, 0, 2, 1, 1, 0, 0, 2, 1, 1, 1, 0, 2, 1, 0, 1, 2, 4, 4, 0, 1, 0, 0, 1, 1, 2, 1, 2, 2, 0, 3, 0, 1, 0, 1]}, null, null, 0, false, [], false, 0, [], null, 0, 1598048259.99023, 0, {}]
[{"0": [0, 1, 0, 1, 2, 3, 3, 2, 1, 2, 2, 2, 3, 5, 1, 3, 0, 2, 0, 1, 0, 1, 1, 0, 1, 1, 2, 0, 1, 0, 3, 0, 2, 0, 1, 2, 2, 0, 0, 2, 0, 3, 1, 2, 1, 2, 1, 0, 3, 2, 0, 1, 1, 0, 2, 0, 1, 4, 0, 0]}, null, null, 0, false, [], false, 0, [], null, 0, 1598048290.013463, 0, {}]
[{"0": [1, 2, 0, 2, 1, 0, 0, 0, 1, 0, 3, 2, 1, 2, 0, 0, 1, 1, 0, 1, 2, 1, 1, 0, 0, 0, 1, 3, 2, 2, 1, 2, 2, 1, 0, 2, 1, 0, 2, 2, 1, 1, 0, 1, 0, 2, 3, 2, 3, 1, 4, 3, 2, 2, 3, 0, 2, 1, 1, 1]}, null, null, 0, false, [], false, 0, [], null, 0, 1598048320.009555, 0, {}]
[{"0": [0, 1, 2, 1, 2, 1, 2, 4, 1, 1, 3, 2, 0, 2, 0, 4, 1, 0, 0, 1, 0, 0, 2, 1, 1, 1, 1, 3, 1, 4, 1, 0, 0, 4, 1, 1, 0, 3, 2, 1, 0, 0, 3, 3, 2, 3, 3, 0, 0, 1, 0, 0, 1, 0, 1, 1, 2, 2, 0, 3]}, null, null, 0, false, [], false, 0, [], null, 0, 1598048350.0313554, 0, {}]
[{"0": [3, 3, 1, 2, 8, 1, 2, 3, 0, 2, 2, 3, 1, 0, 0, 0, 0, 1, 0, 0, 0, 0, 2, 2, 2, 1, 1, 1, 1, 1, 1, 1, 1, 0, 2, 3, 0, 2, 2, 2, 3, 1, 1, 0, 0, 3, 2, 1, 0, 1, 0, 2, 2, 3, 0, 3, 0, 2, 0, 5]}, null, null, 0, false, [], false, 0, [], null, 0, 1598048380.0334177, 0, {}]
[{"0": [4, 3, 1, 0, 0, 2, 0, 1, 1, 1, 1, 1, 0, 1, 0, 0, 1, 0, 0, 0, 2, 2, 0, 0, 2, 1, 2, 1, 1, 0, 3, 0, 1, 2, 2, 1, 1, 2, 0, 2, 0, 0, 3, 0, 0, 2, 4, 1, 1, 1, 1, 2, 0, 1, 1, 0, 1, 0, 1, 0]}, null, null, 0, false, [], false, 0, [], null, 0, 1598048410.040557, 0, {}]
[{"0": [3, 1, 1, 0, 2, 2, 3, 1, 1, 0, 1, 0, 1, 3, 3, 3, 1, 2, 1, 1, 1, 1, 2, 1, 1, 0, 2, 1, 3, 0, 1, 0, 1, 0, 3, 1, 0, 1, 0, 1, 2, 1, 1, 0, 0, 2, 1, 0, 1, 0, 0, 1, 2, 4, 3, 1, 1, 4, 1, 2]}, null, null, 0, false, [], false, 0, [], null, 0, 1598048439.908175, 0, {}]
[{"0": [2, 2, 1, 1, 3, 2, 2, 2, 1, 1, 1, 1, 0, 3, 1, 1, 1, 1, 1, 2, 1, 1, 1, 1, 6, 1, 1, 1, 2, 3, 0, 1, 0, 2, 2, 0, 0, 2, 1, 1, 2, 1, 0, 0, 2, 1, 1, 1, 0, 0, 1, 3, 2, 0, 1, 0, 0, 2, 2, 1]}, null, null, 0, false, [], false, 0, [], null, 0, 1598048470.1854763, 0, {}]
[{"0": [2, 2, 2, 2, 0, 1, 3, 0, 3, 1, 2, 0, 1, 2, 0, 3, 0, 1, 1, 0, 1, 0, 0, 0, 0, 0, 0, 1, 2, 2, 0, 2, 0, 0, 0, 1, 0, 2, 1, 3, 0, 0, 2, 0, 1, 1, 2, 1, 2, 1, 1, 0, 1, 3, 0, 2, 2, 3, 1, 0]}, null, null, 0, false, [], false, 0, [], null, 0, 1598048500.1894827, 0, {}]
[{"0": [2, 0, 3, 3, 3, 0, 2, 1, 0, 2, 2, 0, 1, 1, 0, 2, 1, 1, 0, 0, 1, 1, 1, 1, 2, 0, 3, 2, 2, 1, 1, 2, 2, 1, 2, 1, 0, 0, 2, 0, 3, 1, 1, 2, 0, 1, 0, 1, 1, 0, 1, 1, 2, 0, 1, 1, 2, 3, 2, 1]}, null, null, 0, false, [], false, 0, [], null, 0, 1598048530.1901305, 0, {}]
[{"0": [0, 3, 0, 0, 0, 3, 1, 1, 1, 0, 1, 1, 0, 3, 2, 1, 0, 1, 2, 3, 1, 2, 3, 2, 2, 1, 1, 1, 1, 0, 2, 5, 0, 3, 0, 0, 2, 3, 0, 1, 1, 2, 4, 0, 0, 1, 1, 0, 0, 1, 0, 3, 0, 0, 1, 1, 0, 1, 2, 2]}, null, null, 0, false, [], false, 0, [], null, 0, 1598048560.1847928, 0, {}]
[{"0": [1, 2, 1, 0, 0, 0, 2, 2, 1, 0, 1, 0, 1, 3, 2, 1, 1, 0, 1, 0, 5, 4, 3, 1, 1, 1, 0, 0, 1, 1, 0, 1, 2, 2, 4, 3, 1, 2, 2, 2, 1, 2, 2, 1, 2, 0, 1, 1, 1, 1, 1, 0, 1, 0, 0, 1, 3, 1, 1, 1]}, null, null, 0, false, [], false, 0, [], null, 0, 1598048590.1919482, 0, {}]
[{"0": [1, 3, 4, 0, 2, 1, 2, 1, 3, 1, 2, 1, 0, 0, 5, 0, 0, 0, 2, 1, 1, 5, 2, 1, 2, 1, 1, 0, 2, 0, 1, 1, 0, 1, 0, 1, 5, 1, 4, 2, 0, 2, 2, 1, 1, 1, 2, 0, 1, 2, 2, 0, 0, 1, 1, 0, 1, 2, 2, 2]}, null, null, 0, false, [], false, 0, [], null, 0, 1598048620.2027333, 0, {}]
[{"0": [1, 0, 3, 3, 1, 2, 2, 6, 0, 1, 0, 0, 1, 2, 4, 1, 1, 1, 0, 1, 1, 2, 2, 1, 0, 0, 1, 0, 3, 2, 0, 0, 1, 1, 3, 0, 1, 1, 2, 0, 1, 2, 0, 1, 0, 1, 1, 1, 3, 1, 1, 0, 3, 2, 3, 1, 2, 1, 0, 0]}, null, null, 0, false, [], false, 0, [], null, 0, 1598048650.2085361, 0, {}]
[{"0": [1, 2, 1, 1, 2, 3, 0, 1, 1, 1, 2, 1, 1, 1, 0, 1, 0, 0, 1, 1, 3, 3, 1, 3, 1, 0, 2, 1, 1, 2, 1, 1, 2, 1, 2, 0, 0, 0, 2, 0, 1, 1, 1, 3, 3, 3, 1, 0, 1, 3, 1, 2, 2, 3, 1, 1, 1, 0, 2, 2]}, null, null, 0, false, [], false, 0, [], null, 0, 1598048680.22739, 0, {}]
[{"0": [0, 0, 2, 1, 2, 0, 2, 0, 3, 1, 4, 3, 3, 3, 0, 4, 0, 1, 0, 0, 0, 1, 2, 1, 1, 1, 1, 0, 1, 2, 1, 1, 0, 2, 0, 1, 0, 2, 0, 0, 0, 1, 1, 3, 1, 1, 0, 3, 0, 2, 0, 0, 2, 0, 1, 1, 3, 1, 0, 2]}, null, null, 0, false, [], false, 0, [], null, 0, 1598048710.2384167, 0, {}]
[{"0": [1, 2, 3, 2, 0, 2, 1, 0, 3, 1, 1, 2, 1, 0, 3, 0, 2, 3, 1, 4, 1, 0, 1, 2, 1, 3, 3, 3, 1, 3, 0, 1, 0, 0, 3, 2, 3, 1, 0, 2, 2, 2, 1, 1, 0, 0, 0, 1, 0, 1, 0, 1, 0, 1, 0, 4, 0, 1, 2, 1]}, null, null, 0, false, [], false, 0, [], null, 0, 1598048740.2569435, 0, {}]
[{"0": [1, 2, 0, 1, 1, 1, 1, 4, 2, 1, 1, 0, 2, 2, 1, 1, 2, 2, 1, 0, 0, 0, 0, 2, 1, 0, 2, 3, 2, 3, 2, 0, 1, 3, 0, 1, 1, 0, 0, 0, 1, 3, 1, 1, 3, 1, 0, 1, 2, 2, 1, 1, 1, 0, 1, 2, 1, 0, 1, 1]}, null, null, 0, false, [], false, 0, [], null, 0, 1598048770.2622283, 0, {}]
[{"0": [1, 1, 0, 1, 1, 2, 0, 2, 2, 4, 1, 3, 1, 3, 4, 0, 2, 2, 0, 0, 0, 1, 1, 1, 3, 2, 2, 3, 1, 1, 1, 2, 1, 0, 0, 2, 2, 2, 1, 0, 1, 0, 1, 1, 1, 1, 2, 0, 0, 0, 0, 0, 1, 2, 2, 2, 0, 2, 0, 2]}, null, null, 0, false, [], false, 0, [], null, 0, 1598048800.2682621, 0, {}]
[{"0": [1, 2, 1, 1, 0, 1, 4, 1, 4, 1, 3, 6, 1, 3, 1, 0, 0, 1, 0, 1, 0, 1, 0, 1, 0, 1, 2, 1, 1, 1, 1, 0, 1, 2, 0, 2, 2, 1, 3, 1, 0, 3, 1, 1, 0, 3, 3, 1, 1, 3, 1, 0, 5, 0, 0, 0, 1, 2, 0, 1]}, null, null, 0, false, [], false, 0, [], null, 0, 1598048830.2718782, 0, {}]
[{"0": [2, 3, 1, 3, 1, 0, 1, 2, 2, 1, 1, 3, 3, 1, 0, 0, 1, 4, 0, 1, 1, 5, 1, 5, 0, 2, 1, 2, 0, 1, 2, 0, 0, 1, 2, 1, 2, 0, 0, 1, 0, 0, 1, 0, 0, 2, 0, 0, 2, 2, 3, 1, 0, 0, 0, 1, 1, 0, 1, 0]}, null, null, 0, false, [], false, 0, [], null, 0, 1598048860.2846107, 0, {}]
[{"0": [2, 2, 1, 1, 1, 1, 0, 1, 3, 0, 0, 2, 3, 2, 2, 1, 3, 2, 0, 2, 0, 0, 0, 2, 4, 2, 1, 0, 0, 3, 1, 3, 1, 4, 1, 2, 1, 1, 0, 0, 2, 1, 1, 1, 2, 0, 2, 3, 0, 1, 1, 2, 0, 1, 0, 1, 3, 2, 1, 3]}, null, null, 0, false, [], false, 0, [], null, 0, 1598048890.2961998, 0, {}]
[{"0": [0, 0, 2, 0, 2, 1, 2, 2, 1, 1, 2, 1, 2, 2, 4, 1, 2, 2, 3, 4, 1, 1, 2, 4, 2, 1, 3, 1, 0, 1, 3, 2, 2, 1, 1, 1, 1, 3, 1, 2, 1, 0, 0, 0, 2, 3, 2, 3, 2, 1, 2, 3, 1, 1, 0, 0, 2, 1, 0, 1]}, null, null, 0, false, [], false, 0, [], null, 0, 1598048919.309634, 0, {}]
[{"0": [1, 0, 2, 1, 3, 2, 1, 3, 2, 1, 1, 1, 1, 1, 3, 1, 2, 0, 0, 0, 3, 0, 1, 0, 2, 1, 2, 2, 2, 0, 2, 1, 2, 1, 1, 1, 3, 0, 4, 0, 3, 2, 1, 2, 1, 1, 0, 0, 1, 2, 3, 1, 0, 0, 2, 1, 1, 2, 2, 1]}, null, null, 0, false, [], false, 0, [], null, 0, 1598048952.055439, 0, {}]
[{"0": [0, 2, 1, 0, 0, 2, 2, 1, 2, 0, 1, 2, 0, 0, 0, 1, 1, 1, 0, 1, 0, 0, 0, 3, 1, 0, 2, 2, 1, 1, 0, 2, 0, 3, 0, 3, 1, 1, 0, 1, 4, 2, 1, 3, 1, 2, 0, 1, 0, 0, 0, 0, 1, 1, 0, 0, 1, 2, 0, 1]}, null, null, 0, false, [], false, 0, [], null, 0, 1598048981.3223445, 0, {}]
[{"0": [2, 0, 2, 1, 1, 0, 1, 0, 1, 2, 2, 1, 1, 1, 1, 2, 1, 1, 2, 2, 6, 0, 1, 3, 0, 0, 0, 2, 2, 0, 0, 2, 1, 3, 4, 1, 2, 2, 0, 2, 2, 1, 0, 2, 1, 0, 1, 2, 3, 1, 1, 1, 2, 1, 2, 2, 3, 0, 2, 0]}, null, null, 0, false, [], false, 0, [], null, 0, 1598049007.3406713, 0, {}]
[{"0": [1, 2, 1, 2, 2, 1, 0, 0, 0, 2, 2, 0, 1, 0, 0, 1, 3, 1, 0, 0, 4, 0, 1, 1, 2, 1, 1, 0, 1, 3, 1, 0, 2, 1, 1, 1, 2, 1, 1, 1, 2, 1, 2, 2, 0, 0, 1, 3, 1, 0, 1, 0, 1, 2, 0, 0, 1, 3, 0, 1]}, null, null, 0, false, [], false, 0, [], null, 0, 1598049041.9405386, 0, {}]
[{"0": [0, 0, 0, 3, 0, 2, 0, 3, 0, 1, 3, 1, 2, 2, 2, 2, 2, 1, 0, 1, 2, 1, 4, 1, 0, 1, 0, 0, 2, 1, 4, 0, 4, 1, 0, 0, 3, 0, 4, 0, 2, 3, 1, 3, 1, 1, 3, 0, 4, 2, 1, 3, 1, 0, 0, 0, 2, 3, 2, 0]}, null, null, 0, false, [], false, 0, [], null, 0, 1598049072.8663998, 0, {}]
[{"0": [0, 2, 0, 1, 1, 2, 1, 0, 0, 3, 1, 3, 1, 1, 1, 1, 2, 2, 2, 2, 1, 1, 0, 0, 0, 1, 1, 2, 0, 2, 1, 0, 3, 0, 3, 0, 2, 1, 1, 0, 3, 0, 2, 0, 3, 3, 1, 0, 3, 2, 0, 3, 3, 1, 2, 2, 2, 3, 2, 1]}, null, null, 0, false, [], false, 0, [], null, 0, 1598049096.8712466, 0, {}]
[{"0": [1, 4, 2, 0, 1, 0, 2, 2, 3, 0, 2, 1, 2, 4, 0, 1, 2, 1, 5, 1, 2, 0, 1, 0, 1, 0, 1, 3, 1, 2, 3, 1, 0, 1, 1, 1, 2, 0, 1, 1, 2, 3, 3, 1, 3, 2, 4, 0, 2, 2, 1, 0, 0, 1, 1, 1, 3, 1, 3, 1]}, null, null, 0, false, [], false, 0, [], null, 0, 1598049126.7843995, 0, {}]
[{"0": [1, 0, 1, 1, 0, 1, 1, 5, 0, 0, 2, 0, 0, 1, 1, 2, 0, 2, 1, 0, 0, 0, 1, 1, 2, 2, 0, 0, 0, 1, 2, 3, 1, 2, 1, 1, 1, 1, 2, 1, 2, 1, 0, 1, 2, 1, 0, 2, 1, 1, 1, 2, 1, 2, 1, 0, 1, 2, 2, 0]}, null, null, 0, false, [], false, 0, [], null, 0, 1598049163.9972923, 0, {}]
[{"0": [0, 2, 1, 2, 1, 1, 2, 1, 1, 1, 2, 0, 1, 2, 3, 1, 1, 3, 2, 2, 1, 1, 1, 0, 0, 3, 1, 1, 1, 0, 2, 0, 6, 1, 1, 0, 1, 3, 1, 1, 1, 2, 3, 1, 1, 1, 1, 0, 3, 2, 2, 0, 2, 1, 0, 1, 1, 1, 1, 0]}, null, null, 0, false, [], false, 0, [], null, 0, 1598049193.084757, 0, {}]
[{"0": [1, 2, 2, 0, 0, 1, 0, 5, 1, 1, 2, 2, 0, 3, 0, 3, 1, 2, 0, 2, 1, 0, 1, 1, 1, 3, 1, 0, 2, 1, 1, 1, 2, 1, 1, 0, 2, 0, 1, 2, 3, 0, 0, 0, 2, 1, 0, 3, 0, 1, 0, 1, 1, 2, 1, 3, 1, 2, 4, 2]}, null, null, 0, false, [], false, 0, [], null, 0, 1598049215.6920464, 0, {}]
[{"0": [0, 1, 1, 0, 3, 4, 0, 5, 1, 1, 0, 2, 1, 0, 2, 2, 0, 1, 3, 0, 1, 1, 1, 1, 0, 1, 2, 0, 0, 1, 0, 0, 1, 3, 1, 0, 2, 1, 2, 0, 1, 1, 2, 2, 0, 1, 0, 1, 2, 1, 3, 1, 1, 2, 1, 1, 0, 1, 1, 0]}, null, null, 0, false, [], false, 0, [], null, 0, 1598049243.8672183, 0, {}]
[{"0": [0, 3, 5, 4, 0, 0, 1, 1, 3, 2, 2, 5, 0, 2, 2, 1, 0, 2, 0, 2, 1, 2, 1, 2, 3, 2, 1, 1, 0, 2, 0, 2, 3, 1, 0, 3, 2, 0, 1, 1, 2, 0, 3, 1, 1, 2, 1, 1, 0, 2, 1, 5, 1, 1, 1, 1, 2, 2, 2, 0]}, null, null, 0, false, [], false, 0, [], null, 0, 1598049281.3814602, 0, {}]
[{"0": [0, 1, 0, 0, 1, 2, 2, 2, 2, 1, 2, 0, 0, 1, 1, 2, 0, 0, 2, 1, 1, 3, 0, 3, 2, 1, 1, 1, 2, 2, 0, 3, 0, 1, 0, 0, 2, 0, 1, 2, 1, 0, 3, 0, 1, 0, 2, 3, 1, 2, 0, 2, 1, 2, 2, 3, 0, 1, 1, 4]}, null, null, 0, false, [], false, 0, [], null, 0, 1598049314.8587894, 0, {}]
[{"0": [3, 3, 2, 3, 1, 0, 0, 3, 2, 1, 2, 1, 3, 2, 2, 1, 1, 0, 0, 1, 0, 0, 0, 2, 3, 1, 1, 2, 0, 1, 3, 0, 2, 0, 0, 1, 3, 0, 2, 1, 1, 1, 3, 0, 0, 1, 1, 0, 2, 2, 0, 0, 1, 1, 1, 1, 1, 1, 2, 2]}, null, null, 0, false, [], false, 0, [], null, 0, 1598049339.2731948, 0, {}]
[{"0": [1, 1, 2, 1, 1, 1, 1, 1, 0, 2, 2, 0, 0, 1, 2, 0, 3, 1, 2, 0, 0, 2, 1, 1, 1, 1, 2, 1, 0, 0, 0, 4, 1, 3, 0, 1, 2, 0, 4, 3, 1, 1, 1, 2, 1, 1, 1, 1, 0, 1, 2, 2, 2, 0, 0, 0, 2, 0, 2, 3]}, null, null, 0, false, [], false, 0, [], null, 0, 1598049365.799545, 0, {}]
[{"0": [1, 3, 0, 1, 2, 3, 0, 1, 2, 1, 0, 1, 2, 2, 4, 3, 4, 2, 0, 0, 2, 0, 0, 0, 1, 0, 3, 1, 0, 2, 2, 1, 1, 1, 2, 0, 2, 2, 1, 1, 0, 0, 1, 0, 0, 1, 1, 0, 1, 2, 4, 4, 1, 1, 2, 1, 0, 3, 0, 4]}, null, null, 0, false, [], false, 0, [], null, 0, 1598049401.096832, 0, {}]
[{"0": [2, 2, 0, 0, 0, 3, 1, 1, 0, 0, 1, 1, 0, 2, 0, 0, 2, 7, 2, 1, 1, 4, 2, 1, 2, 2, 2, 1, 2, 0, 0, 2, 2, 2, 1, 1, 2, 2, 1, 1, 0, 0, 2, 2, 4, 4, 0, 1, 2, 0, 1, 3, 1, 2, 1, 1, 1, 2, 2, 0]}, null, null, 0, false, [], false, 0, [], null, 0, 1598049432.6083007, 0, {}]
[{"0": [3, 3, 1, 1, 1, 0, 2, 0, 0, 1, 3, 0, 0, 0, 0, 0, 1, 0, 3, 1, 0, 3, 3, 1, 1, 2, 2, 3, 4, 1, 1, 2, 3, 0, 3, 0, 1, 0, 5, 3, 1, 0, 0, 3, 1, 0, 4, 0, 1, 3, 1, 1, 0, 1, 1, 0, 2, 1, 1, 3]}, null, null, 0, false, [], false, 0, [], null, 0, 1598049457.1147106, 0, {}]
[{"0": [1, 3, 2, 0, 2, 0, 0, 1, 0, 4, 2, 0, 1, 0, 1, 4, 1, 3, 1, 2, 2, 2, 3, 0, 2, 0, 4, 1, 1, 1, 1, 0, 0, 1, 4, 1, 1, 1, 2, 4, 2, 2, 1, 2, 0, 1, 1, 0, 2, 5, 2, 1, 0, 0, 4, 3, 1, 2, 0, 2]}, null, null, 0, false, [], false, 0, [], null, 0, 1598049487.6366956, 0, {}]
[{"0": [0, 1, 1, 3, 1, 3, 2, 1, 1, 3, 1, 3, 5, 0, 0, 0, 5, 2, 0, 0, 3, 3, 1, 3, 0, 0, 2, 5, 3, 2, 0, 2, 1, 1, 1, 2, 1, 1, 0, 0, 2, 0, 1, 1, 0, 0, 2, 2, 0, 1, 3, 1, 0, 1, 1, 1, 1, 1, 0, 1]}, null, null, 0, false, [], false, 0, [], null, 0, 1598049525.5740602, 0, {}]
[{"0": [1, 0, 1, 2, 1, 4, 0, 1, 0, 2, 4, 1, 1, 1, 0, 1, 2, 0, 2, 0, 1, 1, 1, 1, 1, 1, 1, 2, 1, 2, 1, 2, 2, 2, 2, 1, 0, 1, 0, 3, 2, 1, 1, 2, 2, 3, 1, 1, 1, 1, 0, 5, 1, 2, 0, 1, 2, 1, 0, 0]}, null, null, 0, false, [], false, 0, [], null, 0, 1598049555.2404637, 0, {}]
[{"0": [2, 5, 0, 2, 0, 1, 2, 2, 2, 2, 1, 3, 2, 1, 0, 4, 2, 3, 3, 1, 1, 0, 2, 2, 1, 0, 0, 2, 0, 2, 3, 0, 3, 3, 0, 3, 0, 1, 2, 3, 3, 2, 2, 0, 2, 0, 0, 0, 1, 0, 2, 0, 1, 0, 1, 0, 0, 3, 2, 2]}, null, null, 0, false, [], false, 0, [], null, 0, 1598049578.3014836, 0, {}]
[{"0": [0, 0, 2, 3, 2, 1, 2, 0, 3, 0, 0, 5, 0, 0, 4, 1, 2, 0, 1, 2, 4, 2, 0, 0, 0, 1, 1, 1, 1, 0, 1, 1, 0, 0, 3, 0, 5, 2, 1, 3, 3, 1, 0, 2, 1, 1, 2, 2, 3, 2, 0, 0, 1, 2, 3, 0, 0, 0, 2, 2]}, null, null, 0, false, [], false, 0, [], null, 0, 1598049607.046885, 0, {}]
[{"0": [1, 0, 0, 1, 1, 0, 0, 2, 1, 1, 2, 1, 2, 1, 2, 1, 3, 0, 1, 1, 0, 2, 4, 3, 2, 1, 2, 2, 2, 0, 1, 3, 2, 2, 3, 2, 1, 1, 1, 0, 0, 0, 4, 3, 4, 1, 1, 2, 1, 1, 3, 0, 1, 3, 1, 3, 2, 0, 1, 2]}, null, null, 0, false, [], false, 0, [], null, 0, 1598049642.7805781, 0, {}]
[{"0": [2, 1, 1, 2, 4, 1, 0, 1, 1, 3, 1, 2, 1, 0, 2, 0, 0, 0, 2, 1, 3, 2, 0, 0, 0, 3, 0, 1, 2, 1, 3, 2, 1, 2, 3, 3, 0, 4, 2, 2, 1, 1, 2, 2, 3, 0, 0, 2, 1, 0, 3, 1, 0, 0, 2, 1, 1, 1, 0, 1]}, null, null, 0, false, [], false, 0, [], null, 0, 1598049670.7075534, 0, {}]
[{"0": [2, 2, 2, 1, 1, 1, 1, 6, 0, 1, 3, 0, 2, 3, 0, 0, 1, 0, 0, 0, 2, 2, 1, 4, 1, 1, 0, 2, 2, 3, 1, 3, 3, 3, 1, 4, 1, 0, 1, 3, 1, 0, 3, 0, 4, 1, 1, 1, 0, 1, 0, 2, 1, 0, 0, 1, 1, 1, 1, 1]}, null, null, 0, false, [], false, 0, [], null, 0, 1598049700.7103393, 0, {}]
[{"0": [1, 2, 0, 1, 2, 2, 1, 0, 1, 1, 4, 2, 1, 2, 0, 1, 2, 0, 1, 3, 0, 1, 1, 3, 0, 0, 1, 4, 1, 0, 0, 3, 1, 1, 2, 2, 3, 1, 2, 4, 4, 0, 0, 2, 1, 2, 4, 3, 2, 2, 1, 1, 2, 2, 2, 1, 2, 0, 2, 1]}, null, null, 0, false, [], false, 0, [], null, 0, 1598049730.723771, 0, {}]
[{"0": [0, 1, 0, 0, 1, 0, 1, 2, 0, 2, 1, 0, 1, 1, 0, 0, 1, 2, 0, 2, 0, 0, 1, 1, 2, 1, 1, 2, 2, 0, 3, 2, 1, 1, 2, 1, 1, 2, 1, 2, 1, 0, 0, 6, 1, 0, 2, 1, 3, 1, 1, 1, 1, 2, 0, 0, 1, 0, 0, 2]}, null, null, 0, false, [], false, 0, [], null, 0, 1598049760.7318652, 0, {}]
[{"0": [2, 1, 1, 0, 1, 3, 3, 1, 0, 1, 3, 1, 1, 2, 4, 1, 3, 2, 1, 2, 0, 2, 2, 4, 3, 3, 1, 0, 1, 1, 4, 1, 0, 1, 0, 1, 0, 1, 0, 1, 2, 1, 0, 0, 2, 0, 1, 0, 2, 2, 0, 2, 2, 3, 0, 1, 2, 3, 1, 1]}, null, null, 0, false, [], false, 0, [], null, 0, 1598049790.7359004, 0, {}]
[{"0": [2, 1, 0, 2, 3, 1, 1, 2, 0, 1, 0, 0, 0, 1, 3, 2, 3, 0, 0, 1, 3, 1, 2, 1, 0, 0, 1, 4, 4, 1, 1, 1, 2, 1, 0, 2, 3, 1, 1, 2, 2, 1, 0, 3, 1, 1, 1, 2, 1, 0, 3, 0, 0, 2, 3, 0, 1, 0, 0, 3]}, null, null, 0, false, [], false, 0, [], null, 0, 1598049820.7483368, 0, {}]
[{"0": [1, 2, 3, 0, 1, 0, 0, 3, 1, 0, 1, 3, 0, 1, 2, 4, 1, 2, 1, 2, 1, 3, 1, 1, 1, 1, 0, 1, 3, 1, 0, 2, 3, 1, 0, 4, 0, 1, 2, 2, 3, 1, 0, 2, 0, 0, 6, 3, 0, 0, 1, 0, 1, 1, 0, 1, 3, 0, 0, 1]}, null, null, 0, false, [], false, 0, [], null, 0, 1598049850.76202, 0, {}]
[{"0": [1, 3, 1, 2, 2, 2, 0, 3, 2, 3, 0, 2, 2, 0, 0, 2, 3, 0, 2, 0, 1, 0, 3, 1, 2, 3, 2, 0, 2, 0, 1, 0, 3, 2, 1, 2, 1, 0, 1, 1, 4, 0, 2, 1, 0, 0, 0, 2, 1, 0, 1, 0, 0, 2, 6, 2, 3, 2, 2, 2]}, null, null, 0, false, [], false, 0, [], null, 0, 1598049880.7660806, 0, {}]
[{"0": [2, 2, 1, 1, 1, 0, 1, 2, 0, 0, 2, 3, 0, 0, 2, 1, 0, 1, 2, 0, 1, 1, 1, 0, 0, 0, 0, 3, 1, 3, 1, 1, 3, 1, 4, 0, 1, 0, 0, 5, 1, 3, 2, 3, 1, 1, 2, 1, 3, 0, 1, 1, 1, 2, 0, 0, 1, 1, 1, 2]}, null, null, 0, false, [], false, 0, [], null, 0, 1598049910.7684705, 0, {}]
[{"0": [1, 1, 0, 1, 2, 2, 1, 1, 0, 2, 1, 1, 3, 3, 1, 0, 1, 2, 1, 0, 1, 0, 2, 0, 2, 3, 1, 0, 0, 2, 0, 1, 0, 2, 1, 1, 1, 1, 1, 1, 1, 0, 1, 0, 2, 2, 3, 2, 2, 0, 0, 1, 0, 1, 3, 1, 2, 2, 1, 3]}, null, null, 0, false, [], false, 0, [], null, 0, 1598049940.8095765, 0, {}]
[{"0": [0, 0, 0, 1, 1, 3, 1, 2, 1, 0, 2, 3, 1, 0, 0, 1, 0, 2, 1, 1, 2, 1, 0, 3, 1, 0, 3, 3, 1, 1, 2, 1, 1, 1, 3, 2, 0, 2, 2, 1, 1, 1, 4, 0, 0, 0, 1, 2, 1, 4, 2, 1, 0, 2, 0, 2, 2, 0, 1, 2]}, null, null, 0, false, [], false, 0, [], null, 0, 1598049970.8102038, 0, {}]
[{"0": [0, 0, 1, 0, 1, 0, 2, 1, 1, 2, 0, 1, 1, 0, 2, 3, 2, 0, 2, 2, 1, 0, 0, 3, 1, 1, 1, 1, 1, 3, 0, 1, 1, 0, 0, 1, 4, 2, 0, 1, 2, 0, 1, 0, 1, 0, 1, 1, 1, 2, 2, 0, 0, 2, 2, 2, 1, 1, 1, 3]}, null, null, 0, false, [], false, 0, [], null, 0, 1598050000.8073902, 0, {}]
[{"0": [2, 1, 0, 0, 0, 0, 3, 0, 0, 2, 0, 1, 1, 2, 4, 2, 1, 2, 0, 1, 2, 2, 2, 1, 1, 1, 2, 1, 3, 2, 2, 3, 1, 1, 1, 3, 1, 0, 0, 2, 5, 3, 0, 0, 1, 2, 1, 3, 0, 0, 1, 4, 1, 1, 4, 0, 3, 1, 1, 0]}, null, null, 0, false, [], false, 0, [], null, 0, 1598050030.8146825, 0, {}]
[{"0": [1, 1, 3, 2, 2, 2, 3, 3, 0, 1, 0, 0, 2, 2, 0, 1, 2, 1, 3, 5, 2, 1, 2, 0, 0, 2, 2, 2, 4, 0, 1, 2, 2, 1, 2, 0, 2, 2, 0, 0, 2, 1, 2, 3, 3, 0, 1, 1, 2, 1, 0, 4, 3, 0, 3, 0, 0, 2, 4, 2]}, null, null, 0, false, [], false, 0, [], null, 0, 1598050060.828668, 0, {}]
[{"0": [2, 0, 0, 1, 1, 1, 0, 1, 1, 2, 0, 0, 3, 0, 1, 0, 1, 0, 1, 0, 1, 1, 2, 6, 1, 2, 3, 1, 2, 2, 2, 1, 0, 3, 1, 0, 1, 1, 0, 1, 1, 0, 1, 5, 2, 1, 2, 2, 2, 1, 1, 1, 0, 2, 2, 1, 2, 2, 1, 1]}, null, null, 0, false, [], false, 0, [], null, 0, 1598050090.8344219, 0, {}]
[{"0": [0, 1, 2, 1, 2, 3, 0, 0, 0, 2, 1, 3, 1, 1, 4, 3, 4, 4, 1, 1, 1, 0, 0, 1, 1, 3, 1, 1, 1, 2, 1, 1, 0, 1, 0, 1, 0, 1, 0, 0, 0, 5, 1, 2, 1, 2, 4, 0, 1, 4, 0, 0, 0, 2, 5, 2, 1, 0, 2, 1]}, null, null, 0, false, [], false, 0, [], null, 0, 1598050119.839281, 0, {}]
[{"0": [2, 3, 0, 0, 0, 2, 1, 1, 0, 0, 4, 2, 3, 1, 0, 2, 1, 0, 1, 2, 2, 0, 2, 2, 1, 2, 2, 1, 2, 1, 0, 3, 1, 2, 2, 3, 1, 0, 2, 4, 1, 1, 1, 0, 1, 2, 1, 1, 2, 2, 1, 0, 3, 2, 1, 0, 3, 0, 2, 3]}, null, null, 0, false, [], false, 0, [], null, 0, 1598050150.635652, 0, {}]
[{"0": [1, 0, 1, 1, 5, 1, 1, 1, 1, 1, 0, 1, 1, 0, 1, 1, 0, 2, 3, 0, 1, 0, 0, 2, 0, 1, 1, 1, 0, 0, 0, 3, 2, 3, 0, 1, 1, 0, 1, 3, 1, 1, 0, 0, 0, 1, 1, 0, 0, 1, 2, 1, 2, 0, 0, 2, 0, 2, 3, 2]}, null, null, 0, false, [], false, 0, [], null, 0, 1598050180.6522965, 0, {}]
[{"0": [1, 2, 0, 0, 3, 3, 1, 1, 1, 1, 3, 1, 0, 1, 2, 1, 1, 1, 2, 2, 1, 2, 0, 0, 2, 2, 1, 0, 1, 1, 0, 0, 0, 1, 2, 2, 2, 2, 4, 0, 0, 2, 2, 0, 1, 3, 0, 3, 2, 2, 2, 1, 1, 0, 1, 0, 0, 2, 2, 1]}, null, null, 0, false, [], false, 0, [], null, 0, 1598050210.664952, 0, {}]
[{"0": [1, 1, 2, 4, 0, 2, 2, 3, 1, 1, 2, 1, 1, 2, 2, 2, 1, 2, 0, 1, 1, 2, 2, 3, 2, 3, 3, 0, 4, 1, 0, 1, 2, 1, 3, 1, 3, 2, 1, 2, 1, 0, 2, 2, 1, 0, 3, 2, 0, 1, 2, 2, 1, 1, 3, 2, 0, 1, 2, 0]}, null, null, 0, false, [], false, 0, [], null, 0, 1598050240.6647182, 0, {}]
[{"0": [2, 0, 2, 0, 0, 1, 1, 1, 1, 2, 1, 5, 2, 0, 0, 1, 0, 0, 1, 2, 0, 1, 0, 3, 1, 1, 1, 2, 1, 0, 2, 2, 0, 1, 0, 1, 2, 0, 1, 0, 1, 1, 1, 2, 0, 3, 0, 1, 2, 0, 1, 1, 1, 3, 0, 0, 1, 3, 0, 0]}, null, null, 0, false, [], false, 0, [], null, 0, 1598050271.6854036, 0, {}]
[{"0": [0, 0, 0, 2, 0, 3, 4, 0, 2, 1, 2, 0, 1, 0, 1, 0, 4, 2, 2, 1, 1, 0, 1, 1, 0, 1, 0, 2, 1, 4, 4, 1, 0, 0, 0, 2, 2, 2, 2, 0, 1, 3, 3, 1, 0, 1, 1, 0, 3, 0, 1, 3, 1, 0, 2, 1, 1, 1, 1, 1]}, null, null, 0, false, [], false, 0, [], null, 0, 1598050300.319633, 0, {}]
[{"0": [0, 0, 1, 1, 4, 0, 1, 1, 3, 1, 1, 3, 2, 0, 1, 0, 0, 0, 1, 0, 1, 0, 2, 4, 1, 5, 1, 0, 2, 5, 0, 0, 0, 0, 1, 0, 1, 1, 0, 3, 1, 2, 1, 0, 1, 0, 2, 0, 2, 1, 1, 3, 3, 4, 2, 0, 5, 1, 2, 2]}, null, null, 0, false, [], false, 0, [], null, 0, 1598050330.8012333, 0, {}]
[{"0": [1, 3, 1, 1, 0, 3, 1, 1, 0, 1, 1, 2, 1, 0, 1, 2, 2, 2, 3, 1, 4, 3, 0, 1, 1, 0, 5, 1, 2, 1, 3, 1, 2, 2, 0, 1, 1, 3, 2, 0, 1, 2, 1, 1, 1, 2, 2, 1, 5, 1, 3, 0, 3, 4, 3, 0, 1, 1, 3, 1]}, null, null, 0, false, [], false, 0, [], null, 0, 1598050360.798136, 0, {}]
[{"0": [0, 2, 2, 1, 0, 1, 1, 1, 1, 1, 0, 1, 1, 1, 3, 0, 0, 2, 3, 2, 0, 1, 0, 1, 3, 0, 1, 0, 1, 3, 0, 5, 2, 1, 1, 3, 0, 1, 0, 1, 3, 1, 1, 3, 6, 1, 1, 0, 1, 1, 1, 0, 4, 0, 1, 1, 2, 0, 0, 0]}, null, null, 0, false, [], false, 0, [], null, 0, 1598050390.8145387, 0, {}]
[{"0": [2, 3, 0, 2, 2, 1, 1, 0, 0, 0, 1, 1, 4, 2, 1, 1, 0, 2, 0, 1, 0, 3, 1, 3, 5, 0, 2, 0, 2, 1, 3, 3, 2, 4, 1, 1, 2, 1, 1, 1, 1, 2, 0, 1, 3, 0, 2, 3, 0, 0, 0, 2, 2, 4, 0, 2, 1, 4, 0, 2]}, null, null, 0, false, [], false, 0, [], null, 0, 1598050420.8207014, 0, {}]
[{"0": [0, 1, 1, 1, 2, 3, 2, 1, 3, 0, 1, 1, 3, 0, 2, 0, 1, 0, 0, 0, 0, 2, 2, 1, 0, 0, 1, 2, 0, 2, 4, 2, 4, 0, 0, 1, 2, 1, 1, 1, 3, 1, 2, 2, 0, 3, 1, 1, 2, 0, 0, 0, 0, 0, 3, 1, 0, 1, 1, 1]}, null, null, 0, false, [], false, 0, [], null, 0, 1598050450.8307638, 0, {}]
[{"0": [1, 2, 4, 0, 2, 1, 1, 0, 2, 0, 0, 1, 4, 1, 2, 0, 0, 2, 0, 2, 0, 0, 0, 2, 1, 1, 1, 1, 1, 0, 0, 0, 1, 2, 0, 0, 1, 3, 1, 1, 1, 1, 1, 1, 0, 1, 1, 1, 1, 1, 2, 2, 1, 0, 0, 0, 1, 1, 1, 1]}, null, null, 0, false, [], false, 0, [], null, 0, 1598050480.8496978, 0, {}]
[{"0": [3, 1, 3, 1, 3, 1, 0, 1, 0, 0, 2, 0, 0, 0, 1, 0, 3, 1, 1, 2, 3, 2, 1, 2, 1, 2, 0, 4, 1, 1, 2, 2, 1, 0, 0, 1, 0, 3, 2, 3, 1, 1, 0, 2, 1, 1, 2, 6, 2, 1, 2, 0, 0, 1, 0, 0, 2, 0, 1, 2]}, null, null, 0, false, [], false, 0, [], null, 0, 1598050510.8477032, 0, {}]
[{"0": [3, 2, 1, 7, 4, 1, 3, 1, 0, 2, 0, 0, 1, 2, 2, 1, 1, 1, 1, 1, 2, 1, 2, 0, 3, 5, 0, 2, 1, 0, 0, 2, 3, 2, 1, 1, 2, 2, 2, 5, 2, 3, 1, 1, 2, 2, 2, 2, 0, 1, 1, 1, 4, 0, 3, 0, 1, 0, 3, 2]}, null, null, 0, false, [], false, 0, [], null, 0, 1598050540.8642151, 0, {}]
[{"0": [2, 3, 1, 2, 3, 0, 2, 2, 1, 0, 2, 2, 1, 0, 2, 0, 2, 1, 2, 1, 1, 2, 1, 0, 1, 3, 1, 3, 2, 2, 2, 1, 0, 1, 2, 3, 0, 0, 1, 3, 0, 1, 1, 1, 3, 0, 1, 1, 1, 1, 1, 2, 0, 0, 2, 2, 0, 2, 0, 2]}, null, null, 0, false, [], false, 0, [], null, 0, 1598050570.8816595, 0, {}]
[{"0": [3, 0, 0, 2, 1, 2, 0, 0, 2, 0, 1, 3, 0, 4, 1, 2, 2, 3, 0, 2, 2, 1, 0, 2, 2, 2, 1, 2, 1, 3, 0, 0, 1, 0, 2, 4, 1, 0, 1, 0, 0, 1, 0, 2, 1, 2, 0, 2, 3, 0, 1, 2, 6, 2, 0, 2, 0, 2, 4, 3]}, null, null, 0, false, [], false, 0, [], null, 0, 1598050600.8794951, 0, {}]
[{"0": [2, 1, 1, 1, 1, 1, 0, 1, 2, 1, 0, 2, 0, 2, 2, 2, 2, 2, 1, 3, 0, 0, 1, 2, 1, 0, 0, 3, 0, 3, 2, 1, 1, 1, 4, 3, 0, 3, 2, 0, 0, 2, 3, 0, 1, 2, 0, 3, 2, 2, 2, 2, 2, 1, 0, 1, 2, 2, 0, 1]}, null, null, 0, false, [], false, 0, [], null, 0, 1598050630.8825119, 0, {}]
[{"0": [0, 3, 1, 1, 1, 1, 2, 4, 3, 0, 2, 2, 2, 3, 3, 1, 1, 1, 3, 0, 1, 3, 0, 1, 2, 1, 2, 2, 4, 0, 1, 2, 1, 0, 1, 2, 3, 0, 2, 2, 2, 3, 1, 1, 1, 2, 2, 1, 1, 1, 0, 4, 4, 1, 2, 0, 2, 1, 0, 0]}, null, null, 0, false, [], false, 0, [], null, 0, 1598050660.9023721, 0, {}]
[{"0": [1, 1, 2, 1, 1, 3, 3, 0, 2, 4, 0, 0, 1, 0, 0, 1, 2, 3, 2, 0, 3, 2, 0, 0, 1, 4, 2, 1, 2, 1, 2, 2, 4, 2, 2, 2, 2, 1, 1, 2, 0, 0, 1, 2, 0, 0, 0, 2, 2, 0, 1, 1, 0, 1, 2, 2, 1, 1, 0, 1]}, null, null, 0, false, [], false, 0, [], null, 0, 1598050690.9030335, 0, {}]
[{"0": [2, 1, 1, 1, 1, 1, 0, 1, 0, 2, 4, 1, 1, 0, 0, 0, 0, 1, 3, 2, 1, 0, 1, 2, 2, 1, 2, 0, 1, 2, 1, 0, 1, 1, 0, 2, 3, 1, 1, 2, 4, 0, 1, 1, 0, 0, 0, 1, 0, 2, 1, 0, 1, 2, 4, 2, 2, 1, 0, 6]}, null, null, 0, false, [], false, 0, [], null, 0, 1598050719.9268894, 0, {}]
[{"0": [2, 1, 0, 0, 2, 0, 1, 0, 3, 1, 1, 2, 1, 0, 2, 3, 1, 0, 0, 0, 0, 2, 0, 1, 0, 0, 1, 0, 0, 2, 0, 2, 2, 2, 2, 1, 1, 6, 1, 2, 1, 1, 0, 0, 0, 2, 1, 0, 1, 3, 0, 3, 1, 0, 0, 2, 2, 1, 0, 1]}, null, null, 0, false, [], false, 0, [], null, 0, 1598050752.7209303, 0, {}]
[{"0": [0, 0, 1, 1, 3, 3, 0, 1, 0, 2, 0, 0, 2, 2, 0, 0, 0, 1, 3, 2, 0, 1, 0, 0, 4, 0, 0, 2, 0, 1, 1, 0, 2, 2, 0, 3, 1, 3, 3, 3, 1, 4, 0, 1, 3, 2, 1, 0, 0, 0, 1, 0, 3, 1, 0, 1, 4, 0, 4, 1]}, null, null, 0, false, [], false, 0, [], null, 0, 1598050781.8755293, 0, {}]
[{"0": [5, 3, 1, 0, 1, 1, 3, 2, 1, 5, 1, 1, 1, 2, 1, 0, 1, 0, 3, 1, 2, 2, 1, 1, 0, 3, 0, 1, 0, 0, 4, 0, 0, 2, 2, 2, 3, 2, 0, 2, 2, 1, 0, 0, 1, 0, 4, 1, 3, 0, 0, 1, 1, 1, 1, 1, 1, 1, 1, 3]}, null, null, 0, false, [], false, 0, [], null, 0, 1598050807.9641407, 0, {}]
[{"0": [2, 3, 1, 0, 1, 1, 0, 0, 2, 1, 2, 0, 1, 1, 0, 3, 1, 2, 0, 0, 3, 2, 2, 2, 1, 3, 1, 1, 1, 3, 0, 1, 1, 2, 0, 4, 1, 3, 0, 2, 1, 2, 5, 3, 2, 2, 1, 3, 0, 1, 0, 3, 0, 3, 0, 0, 1, 1, 3, 1]}, null, null, 0, false, [], false, 0, [], null, 0, 1598050842.6136715, 0, {}]
[{"0": [2, 3, 0, 1, 0, 0, 2, 1, 1, 0, 1, 0, 0, 0, 1, 1, 3, 0, 2, 0, 1, 3, 1, 4, 0, 1, 3, 0, 1, 2, 1, 0, 2, 1, 1, 2, 0, 0, 1, 1, 2, 0, 1, 0, 0, 0, 2, 2, 0, 0, 2, 3, 0, 1, 1, 1, 1, 1, 2, 0]}, null, null, 0, false, [], false, 0, [], null, 0, 1598050873.4264343, 0, {}]
[{"0": [3, 3, 2, 2, 4, 2, 0, 2, 1, 1, 2, 2, 1, 3, 1, 1, 1, 1, 2, 0, 4, 2, 2, 2, 2, 2, 1, 2, 1, 1, 0, 1, 1, 0, 0, 1, 0, 0, 0, 1, 2, 1, 2, 2, 0, 1, 0, 4, 2, 1, 0, 1, 1, 0, 1, 1, 3, 1, 0, 0]}, null, null, 0, false, [], false, 0, [], null, 0, 1598050897.4467092, 0, {}]
[{"0": [2, 0, 0, 4, 0, 1, 1, 2, 0, 0, 3, 2, 1, 0, 2, 1, 0, 2, 4, 1, 1, 0, 2, 0, 2, 0, 0, 3, 1, 1, 1, 0, 1, 1, 2, 1, 2, 0, 2, 3, 1, 4, 1, 0, 4, 1, 2, 4, 3, 1, 2, 3, 0, 0, 0, 2, 2, 1, 0, 0]}, null, null, 0, false, [], false, 0, [], null, 0, 1598050927.4854705, 0, {}]
[{"0": [1, 1, 5, 0, 1, 0, 1, 2, 2, 3, 1, 2, 1, 3, 2, 1, 3, 3, 2, 2, 1, 0, 1, 0, 1, 1, 2, 0, 1, 3, 0, 2, 1, 2, 2, 2, 0, 1, 0, 3, 1, 0, 1, 1, 1, 2, 0, 1, 2, 2, 4, 0, 1, 0, 4, 1, 2, 0, 1, 2]}, null, null, 0, false, [], false, 0, [], null, 0, 1598050964.643031, 0, {}]
[{"0": [0, 0, 2, 1, 2, 0, 0, 0, 1, 2, 1, 3, 1, 0, 2, 3, 5, 2, 0, 1, 1, 1, 1, 1, 0, 2, 1, 1, 0, 1, 1, 2, 0, 3, 1, 3, 4, 2, 0, 1, 2, 5, 0, 1, 2, 0, 2, 0, 1, 2, 1, 0, 3, 2, 1, 1, 0, 3, 0, 3]}, null, null, 0, false, [], false, 0, [], null, 0, 1598050993.6330118, 0, {}]
[{"0": [0, 1, 0, 3, 1, 0, 0, 0, 0, 0, 0, 0, 2, 1, 1, 1, 1, 2, 2, 4, 2, 1, 1, 2, 1, 1, 3, 2, 0, 3, 1, 0, 2, 2, 1, 3, 1, 1, 0, 0, 2, 1, 2, 2, 0, 2, 1, 0, 2, 1, 0, 1, 2, 0, 0, 2, 2, 1, 2, 3]}, null, null, 0, false, [], false, 0, [], null, 0, 1598051016.2604284, 0, {}]
[{"0": [2, 1, 2, 2, 0, 0, 1, 0, 2, 3, 1, 0, 3, 3, 0, 0, 4, 2, 3, 0, 3, 4, 3, 1, 1, 4, 2, 0, 0, 1, 1, 2, 1, 0, 4, 1, 0, 3, 0, 2, 2, 2, 1, 1, 2, 1, 5, 2, 0, 1, 0, 1, 0, 3, 0, 3, 1, 2, 3, 1]}, null, null, 0, false, [], false, 0, [], null, 0, 1598051044.5351684, 0, {}]
[{"0": [2, 0, 2, 2, 1, 2, 4, 2, 3, 1, 2, 1, 3, 0, 0, 2, 3, 1, 1, 2, 1, 0, 2, 0, 2, 1, 2, 0, 1, 2, 2, 1, 2, 2, 1, 0, 4, 1, 1, 0, 0, 2, 2, 1, 1, 1, 2, 2, 6, 0, 3, 3, 2, 1, 2, 2, 1, 1, 0, 1]}, null, null, 0, false, [], false, 0, [], null, 0, 1598051082.0945375, 0, {}]
[{"0": [3, 0, 4, 1, 2, 0, 1, 1, 0, 0, 2, 0, 3, 1, 1, 0, 2, 1, 2, 1, 0, 1, 5, 1, 0, 2, 2, 2, 1, 1, 0, 1, 1, 4, 1, 2, 1, 1, 1, 0, 3, 2, 0, 2, 0, 1, 2, 0, 1, 1, 0, 1, 0, 0, 2, 1, 1, 0, 0, 1]}, null, null, 0, false, [], false, 0, [], null, 0, 1598051115.445681, 0, {}]
[{"0": [2, 2, 0, 0, 3, 2, 0, 1, 1, 2, 2, 1, 1, 1, 2, 2, 0, 0, 3, 1, 1, 1, 0, 3, 0, 1, 0, 3, 2, 3, 3, 1, 0, 1, 3, 1, 0, 0, 0, 2, 0, 2, 0, 0, 2, 0, 4, 0, 2, 2, 0, 0, 3, 1, 0, 2, 1, 2, 2, 1]}, null, null, 0, false, [], false, 0, [], null, 0, 1598051139.7918544, 0, {}]
[{"0": [0, 1, 1, 1, 1, 1, 1, 1, 0, 2, 1, 1, 3, 1, 0, 1, 1, 0, 1, 0, 0, 1, 3, 1, 0, 0, 1, 2, 0, 1, 1, 1, 2, 0, 2, 3, 0, 0, 3, 0, 1, 1, 0, 2, 1, 0, 2, 3, 2, 1, 1, 2, 0, 1, 0, 4, 1, 4, 3, 2]}, null, null, 0, false, [], false, 0, [], null, 0, 1598051166.4411602, 0, {}]
[{"0": [0, 2, 3, 3, 1, 2, 0, 4, 3, 0, 1, 2, 4, 0, 1, 3, 0, 4, 2, 2, 3, 0, 1, 2, 1, 2, 2, 1, 1, 4, 0, 2, 1, 1, 1, 2, 0, 3, 0, 1, 1, 2, 1, 1, 2, 0, 2, 1, 1, 3, 0, 2, 1, 0, 0, 1, 0, 1, 0, 0]}, null, null, 0, false, [], false, 0, [], null, 0, 1598051201.7972806, 0, {}]
[{"0": [3, 1, 1, 2, 4, 1, 1, 2, 0, 1, 2, 0, 5, 0, 0, 0, 0, 2, 0, 1, 1, 1, 3, 4, 2, 0, 2, 0, 3, 0, 2, 1, 1, 3, 1, 1, 0, 1, 4, 1, 0, 3, 1, 1, 1, 2, 2, 3, 2, 1, 2, 4, 1, 1, 3, 2, 0, 1, 0, 1]}, null, null, 0, false, [], false, 0, [], null, 0, 1598051233.1799068, 0, {}]
[{"0": [1, 1, 0, 1, 0, 2, 5, 0, 0, 1, 0, 2, 0, 1, 0, 0, 0, 3, 3, 1, 1, 1, 1, 1, 0, 1, 2, 2, 0, 1, 2, 3, 1, 2, 0, 3, 0, 1, 1, 1, 1, 2, 0, 1, 5, 0, 1, 1, 2, 1, 0, 1, 1, 2, 0, 1, 1, 1, 2, 2]}, null, null, 0, false, [], false, 0, [], null, 0, 1598051257.6901407, 0, {}]
[{"0": [0, 1, 1, 1, 2, 0, 0, 3, 4, 0, 1, 0, 1, 1, 0, 3, 0, 0, 2, 0, 3, 1, 0, 0, 0, 2, 0, 3, 2, 0, 2, 2, 2, 1, 3, 1, 1, 3, 0, 3, 0, 1, 3, 2, 1, 0, 1, 2, 0, 1, 0, 1, 0, 2, 2, 0, 2, 0, 1, 1]}, null, null, 0, false, [], false, 0, [], null, 0, 1598051288.3514905, 0, {}]
[{"0": [5, 1, 0, 0, 1, 0, 3, 2, 1, 2, 1, 2, 1, 0, 0, 0, 4, 0, 3, 3, 2, 1, 2, 1, 1, 1, 0, 1, 0, 0, 1, 1, 0, 1, 1, 1, 0, 2, 0, 4, 1, 1, 2, 3, 2, 1, 0, 1, 2, 1, 1, 1, 2, 2, 3, 2, 5, 3, 1, 0]}, null, null, 0, false, [], false, 0, [], null, 0, 1598051326.2426085, 0, {}]
[{"0": [2, 1, 0, 1, 1, 1, 0, 2, 0, 1, 1, 1, 2, 1, 1, 3, 2, 1, 1, 0, 3, 1, 0, 0, 2, 1, 0, 1, 1, 2, 0, 1, 1, 1, 2, 0, 2, 0, 1, 2, 0, 1, 2, 2, 0, 1, 0, 1, 1, 1, 2, 1, 1, 3, 1, 0, 3, 2, 1, 1]}, null, null, 0, false, [], false, 0, [], null, 0, 1598051355.7821026, 0, {}]
[{"0": [0, 3, 1, 0, 1, 3, 3, 0, 0, 1, 3, 4, 2, 1, 2, 1, 2, 3, 3, 3, 3, 0, 1, 0, 0, 0, 1, 1, 2, 1, 1, 2, 0, 4, 3, 0, 2, 0, 1, 3, 1, 4, 0, 3, 0, 1, 1, 2, 3, 0, 2, 3, 0, 0, 2, 3, 3, 0, 5, 1]}, null, null, 0, false, [], false, 0, [], null, 0, 1598051378.8648298, 0, {}]
[{"0": [1, 4, 3, 1, 1, 0, 1, 1, 3, 2, 0, 1, 1, 0, 1, 0, 1, 1, 1, 2, 3, 0, 2, 1, 1, 0, 1, 2, 4, 3, 1, 0, 3, 4, 1, 1, 2, 1, 0, 2, 0, 1, 2, 2, 3, 0, 1, 2, 1, 0, 1, 2, 0, 4, 3, 0, 0, 2, 3, 5]}, null, null, 0, false, [], false, 0, [], null, 0, 1598051407.7408702, 0, {}]
[{"0": [1, 0, 1, 3, 0, 2, 1, 0, 0, 2, 0, 1, 1, 3, 1, 1, 0, 3, 0, 2, 1, 1, 0, 0, 2, 3, 1, 1, 1, 1, 5, 0, 1, 1, 0, 1, 1, 1, 3, 1, 2, 1, 1, 0, 0, 0, 0, 2, 1, 1, 2, 2, 0, 0, 0, 0, 1, 2, 0, 2]}, null, null, 0, false, [], false, 0, [], null, 0, 1598051443.4102566, 0, {}]
[{"0": [1, 1, 0, 1, 2, 4, 2, 2, 1, 3, 1, 0, 0, 1, 1, 3, 1, 1, 2, 2, 1, 3, 2, 1, 0, 0, 0, 0, 3, 0, 1, 1, 1, 4, 3, 1, 1, 0, 0, 2, 1, 2, 0, 0, 0, 0, 3, 1, 0, 2, 1, 0, 1, 1, 2, 0, 2, 0, 2, 2]}, null, null, 0, false, [], false, 0, [], null, 0, 1598051471.332981, 0, {}]
[{"0": [1, 2, 1, 2, 2, 5, 0, 3, 1, 2, 0, 2, 2, 0, 1, 1, 2, 3, 1, 1, 1, 1, 1, 1, 1, 1, 1, 1, 1, 1, 0, 1, 0, 2, 0, 3, 0, 1, 1, 2, 1, 1, 0, 0, 3, 1, 3, 0, 1, 2, 2, 2, 1, 1, 0, 1, 1, 0, 0, 1]}, null, null, 0, false, [], false, 0, [], null, 0, 1598051501.3328335, 0, {}]
[{"0": [2, 3, 0, 2, 3, 0, 3, 3, 5, 1, 6, 2, 4, 2, 1, 0, 3, 1, 0, 1, 4, 3, 2, 1, 0, 1, 1, 0, 0, 2, 2, 1, 1, 0, 0, 0, 1, 1, 1, 3, 0, 1, 0, 2, 1, 1, 1, 2, 2, 1, 0, 0, 2, 1, 0, 5, 0, 0, 2, 1]}, null, null, 0, false, [], false, 0, [], null, 0, 1598051531.334715, 0, {}]
[{"0": [2, 1, 1, 2, 2, 1, 1, 2, 2, 0, 0, 2, 2, 0, 5, 2, 1, 2, 1, 2, 2, 1, 0, 1, 0, 2, 1, 1, 1, 0, 2, 1, 2, 0, 6, 0, 0, 1, 1, 2, 1, 1, 0, 0, 2, 1, 0, 3, 1, 1, 1, 2, 2, 1, 2, 1, 1, 1, 4, 1]}, null, null, 0, false, [], false, 0, [], null, 0, 1598051561.3431332, 0, {}]
[{"0": [0, 2, 0, 2, 1, 2, 2, 1, 1, 2, 2, 1, 2, 2, 1, 1, 2, 1, 0, 1, 2, 2, 0, 0, 1, 3, 0, 1, 1, 1, 1, 1, 2, 1, 0, 1, 3, 1, 1, 0, 3, 1, 5, 0, 1, 3, 0, 0, 0, 0, 3, 2, 1, 1, 3, 3, 1, 2, 2, 2]}, null, null, 0, false, [], false, 0, [], null, 0, 1598051591.3629, 0, {}]
[{"0": [3, 2, 0, 2, 1, 1, 0, 0, 2, 0, 1, 1, 6, 1, 1, 2, 1, 1, 1, 0, 1, 1, 2, 3, 2, 2, 3, 1, 1, 4, 1, 2, 0, 3, 0, 1, 3, 1, 1, 3, 1, 1, 2, 1, 1, 0, 0, 1, 2, 2, 1, 0, 1, 0, 2, 1, 2, 0, 1, 1]}, null, null, 0, false, [], false, 0, [], null, 0, 1598051621.3679676, 0, {}]
[{"0": [1, 1, 0, 2, 1, 1, 1, 1, 3, 3, 1, 1, 1, 1, 1, 1, 3, 3, 1, 1, 0, 1, 3, 1, 1, 4, 1, 2, 3, 0, 1, 2, 0, 1, 1, 1, 2, 2, 1, 2, 0, 0, 0, 0, 1, 1, 0, 0, 2, 1, 0, 1, 0, 0, 1, 1, 3, 2, 3, 0]}, null, null, 0, false, [], false, 0, [], null, 0, 1598051651.3850205, 0, {}]
[{"0": [1, 4, 2, 3, 1, 2, 1, 1, 0, 0, 2, 1, 0, 1, 2, 4, 2, 1, 3, 1, 3, 0, 5, 1, 0, 2, 2, 1, 0, 2, 1, 1, 4, 0, 1, 0, 1, 0, 3, 0, 1, 3, 2, 0, 0, 1, 1, 0, 2, 2, 0, 1, 0, 1, 2, 1, 1, 3, 0, 0]}, null, null, 0, false, [], false, 0, [], null, 0, 1598051681.3857322, 0, {}]
[{"0": [2, 0, 1, 0, 2, 0, 1, 0, 1, 0, 1, 1, 3, 1, 0, 0, 2, 1, 4, 1, 0, 3, 3, 0, 1, 1, 2, 1, 1, 0, 1, 2, 0, 0, 2, 1, 2, 0, 0, 0, 2, 0, 0, 1, 2, 4, 2, 1, 0, 0, 2, 2, 1, 0, 1, 5, 1, 2, 1, 1]}, null, null, 0, false, [], false, 0, [], null, 0, 1598051711.4066987, 0, {}]
[{"0": [2, 1, 2, 1, 0, 1, 0, 1, 2, 2, 3, 1, 1, 2, 1, 1, 1, 0, 2, 0, 1, 2, 1, 2, 2, 0, 2, 0, 3, 3, 3, 0, 2, 4, 0, 2, 1, 0, 1, 1, 0, 3, 2, 1, 2, 2, 1, 0, 3, 2, 1, 1, 3, 1, 0, 1, 2, 5, 1, 2]}, null, null, 0, false, [], false, 0, [], null, 0, 1598051741.4128125, 0, {}]
[{"0": [0, 1, 1, 2, 4, 0, 2, 2, 1, 0, 1, 2, 0, 3, 1, 1, 2, 2, 1, 2, 1, 0, 2, 1, 2, 1, 3, 1, 0, 1, 0, 1, 0, 2, 0, 1, 2, 4, 1, 0, 0, 0, 2, 1, 2, 0, 2, 0, 3, 2, 0, 2, 0, 1, 1, 1, 2, 1, 3, 3]}, null, null, 0, false, [], false, 0, [], null, 0, 1598051771.4227972, 0, {}]
[{"0": [0, 2, 0, 1, 3, 1, 3, 2, 1, 1, 3, 4, 1, 0, 0, 5, 1, 1, 2, 2, 2, 1, 1, 0, 1, 0, 1, 1, 2, 0, 0, 4, 1, 0, 1, 1, 1, 0, 2, 1, 1, 2, 1, 2, 2, 0, 0, 2, 0, 1, 0, 2, 0, 1, 1, 0, 1, 0, 2, 1]}, null, null, 0, false, [], false, 0, [], null, 0, 1598051801.4270048, 0, {}]
[{"0": [0, 1, 2, 1, 3, 2, 1, 1, 1, 1, 0, 0, 0, 0, 2, 3, 0, 1, 2, 0, 1, 0, 1, 0, 2, 2, 2, 0, 1, 1, 5, 0, 1, 0, 2, 0, 3, 2, 1, 2, 1, 2, 2, 3, 2, 3, 0, 1, 3, 1, 0, 2, 2, 0, 0, 0, 0, 2, 0, 0]}, null, null, 0, false, [], false, 0, [], null, 0, 1598051831.4305854, 0, {}]
[{"0": [0, 1, 1, 2, 4, 2, 1, 3, 2, 0, 0, 2, 2, 2, 1, 3, 3, 1, 3, 0, 0, 2, 1, 4, 1, 2, 2, 1, 1, 1, 0, 1, 1, 0, 2, 1, 3, 1, 1, 1, 0, 1, 1, 1, 2, 2, 0, 2, 2, 2, 5, 1, 0, 1, 1, 2, 0, 3, 2, 2]}, null, null, 0, false, [], false, 0, [], null, 0, 1598051861.4624832, 0, {}]
[{"0": [1, 2, 1, 1, 1, 0, 2, 1, 2, 2, 2, 3, 3, 2, 0, 3, 1, 0, 0, 1, 3, 1, 2, 1, 1, 3, 3, 0, 0, 0, 2, 2, 0, 1, 0, 1, 1, 0, 1, 2, 1, 0, 1, 1, 2, 1, 3, 3, 2, 2, 1, 0, 1, 0, 2, 4, 1, 2, 0, 0]}, null, null, 0, false, [], false, 0, [], null, 0, 1598051891.4701557, 0, {}]
[{"0": [0, 2, 4, 0, 0, 1, 0, 0, 2, 3, 1, 3, 2, 2, 1, 1, 1, 1, 1, 1, 1, 0, 0, 1, 1, 2, 1, 0, 0, 0, 1, 1, 0, 2, 2, 1, 1, 2, 2, 0, 0, 1, 3, 1, 1, 1, 1, 1, 0, 0, 1, 2, 0, 3, 1, 0, 0, 3, 0, 1]}, null, null, 0, false, [], false, 0, [], null, 0, 1598051921.4858303, 0, {}]
[{"0": [1, 2, 1, 0, 3, 2, 0, 2, 3, 0, 0, 2, 1, 2, 0, 4, 2, 0, 1, 2, 2, 3, 2, 0, 2, 1, 1, 1, 1, 1, 1, 0, 1, 2, 0, 0, 2, 1, 0, 0, 4, 1, 2, 3, 2, 1, 1, 1, 0, 0, 0, 2, 1, 2, 1, 0, 0, 1, 1, 2]}, null, null, 0, false, [], false, 0, [], null, 0, 1598051951.4831436, 0, {}]
[{"0": [1, 0, 1, 0, 1, 0, 0, 1, 0, 3, 0, 1, 1, 0, 1, 2, 2, 2, 2, 3, 0, 1, 2, 2, 1, 1, 3, 2, 1, 1, 3, 3, 4, 2, 2, 3, 1, 0, 2, 0, 0, 0, 1, 0, 0, 4, 2, 1, 2, 1, 1, 0, 2, 1, 3, 2, 3, 2, 2, 1]}, null, null, 0, false, [], false, 0, [], null, 0, 1598051981.4913566, 0, {}]
[{"0": [2, 1, 2, 4, 1, 2, 2, 1, 1, 2, 0, 2, 0, 2, 1, 1, 2, 3, 0, 1, 1, 0, 4, 2, 1, 3, 2, 0, 0, 1, 1, 2, 2, 0, 1, 2, 0, 2, 0, 2, 3, 2, 1, 1, 2, 1, 3, 1, 2, 3, 0, 3, 1, 0, 2, 1, 1, 0, 0, 2]}, null, null, 0, false, [], false, 0, [], null, 0, 1598052011.506025, 0, {}]
[{"0": [3, 4, 0, 1, 0, 1, 0, 1, 2, 1, 1, 1, 2, 1, 2, 0, 2, 1, 1, 1, 2, 0, 2, 2, 1, 1, 3, 0, 3, 0, 1, 2, 2, 2, 1, 0, 2, 2, 3, 2, 1, 1, 0, 3, 0, 2, 1, 2, 0, 3, 1, 0, 0, 3, 4, 0, 1, 1, 2, 2]}, null, null, 0, false, [], false, 0, [], null, 0, 1598052041.5055194, 0, {}]
[{"0": [2, 0, 1, 0, 1, 0, 0, 0, 1, 1, 1, 1, 2, 0, 3, 1, 2, 0, 1, 1, 0, 2, 1, 1, 0, 3, 2, 3, 2, 1, 2, 2, 0, 1, 3, 1, 2, 2, 1, 2, 2, 0, 1, 0, 1, 2, 1, 0, 0, 1, 0, 2, 3, 1, 1, 1, 1, 1, 2, 1]}, null, null, 0, false, [], false, 0, [], null, 0, 1598052071.5295563, 0, {}]
[{"0": [3, 1, 0, 1, 2, 1, 1, 2, 2, 0, 3, 1, 1, 1, 0, 0, 2, 1, 2, 4, 0, 2, 1, 1, 0, 1, 4, 1, 2, 2, 1, 1, 1, 4, 2, 2, 1, 0, 1, 2, 3, 1, 0, 2, 0, 2, 3, 1, 2, 2, 1, 0, 1, 0, 1, 1, 0, 1, 0, 2]}, null, null, 0, false, [], false, 0, [], null, 0, 1598052100.4911826, 0, {}]
[{"0": [1, 0, 1, 0, 3, 1, 2, 2, 1, 2, 0, 0, 0, 3, 2, 2, 0, 2, 0, 0, 2, 1, 1, 1, 2, 0, 2, 1, 2, 2, 3, 0, 2, 2, 0, 0, 1, 4, 2, 3, 1, 2, 0, 1, 0, 3, 1, 1, 2, 0, 3, 3, 0, 3, 2, 0, 0, 1, 4, 0]}, null, null, 0, false, [], false, 0, [], null, 0, 1598052131.3239892, 0, {}]
[{"0": [0, 2, 0, 1, 1, 1, 3, 3, 0, 2, 4, 0, 1, 2, 3, 0, 0, 3, 0, 0, 0, 0, 1, 1, 1, 1, 1, 0, 1, 1, 2, 3, 3, 3, 2, 0, 1, 2, 1, 1, 1, 2, 2, 1, 1, 0, 4, 0, 2, 2, 2, 1, 1, 1, 1, 1, 4, 3, 1, 1]}, null, null, 0, false, [], false, 0, [], null, 0, 1598052161.3397236, 0, {}]
[{"0": [6, 3, 0, 1, 3, 5, 0, 4, 4, 3, 3, 0, 1, 3, 1, 2, 0, 2, 1, 0, 0, 1, 0, 3, 1, 1, 4, 2, 0, 0, 0, 1, 2, 1, 3, 2, 0, 3, 3, 4, 2, 0, 2, 2, 3, 0, 0, 0, 0, 1, 1, 0, 3, 6, 1, 0, 2, 0, 0, 1]}, null, null, 0, false, [], false, 0, [], null, 0, 1598052191.350877, 0, {}]
[{"0": [0, 1, 4, 4, 3, 2, 1, 2, 3, 2, 1, 4, 1, 2, 1, 0, 0, 1, 0, 2, 1, 0, 0, 1, 1, 4, 1, 1, 1, 1, 1, 4, 0, 1, 0, 1, 0, 0, 0, 0, 0, 0, 3, 1, 1, 0, 1, 2, 3, 0, 1, 1, 1, 3, 0, 2, 1, 3, 0, 1]}, null, null, 0, false, [], false, 0, [], null, 0, 1598052221.353004, 0, {}]
[{"0": [1, 2, 1, 1, 1, 0, 2, 1, 1, 1, 1, 0, 1, 2, 0, 1, 3, 2, 0, 2, 2, 1, 1, 3, 1, 2, 2, 2, 1, 1, 0, 0, 3, 2, 2, 0, 2, 3, 2, 1, 2, 3, 0, 2, 1, 5, 1, 1, 2, 2, 2, 2, 0, 1, 0, 0, 0, 2, 1, 1]}, null, null, 0, false, [], false, 0, [], null, 0, 1598052251.3669908, 0, {}]
[{"0": [0, 0, 0, 2, 2, 2, 4, 1, 2, 1, 1, 0, 1, 1, 1, 0, 2, 1, 3, 2, 0, 2, 3, 1, 2, 2, 0, 1, 1, 1, 1, 5, 1, 0, 2, 1, 0, 3, 2, 2, 3, 4, 1, 4, 0, 2, 1, 0, 1, 3, 2, 0, 0, 0, 3, 0, 1, 2, 0, 1]}, null, null, 0, false, [], false, 0, [], null, 0, 1598052281.3739693, 0, {}]
[{"0": [1, 3, 1, 2, 1, 3, 4, 3, 2, 5, 0, 2, 3, 1, 1, 0, 0, 1, 1, 2, 1, 2, 1, 3, 0, 1, 1, 1, 2, 0, 1, 0, 2, 0, 1, 3, 0, 2, 2, 0, 2, 4, 1, 0, 1, 0, 1, 0, 0, 1, 1, 1, 2, 1, 3, 4, 0, 2, 3, 1]}, null, null, 0, false, [], false, 0, [], null, 0, 1598052311.3817291, 0, {}]
[{"0": [1, 0, 0, 4, 0, 4, 1, 0, 2, 2, 0, 0, 2, 0, 3, 1, 1, 0, 2, 3, 2, 3, 1, 1, 0, 2, 1, 1, 1, 0, 1, 2, 1, 0, 1, 0, 4, 2, 2, 1, 0, 0, 1, 3, 1, 0, 2, 1, 0, 1, 1, 3, 1, 0, 6, 3, 1, 1, 2, 3]}, null, null, 0, false, [], false, 0, [], null, 0, 1598052341.381386, 0, {}]
[{"0": [2, 2, 3, 0, 2, 0, 0, 3, 0, 1, 0, 2, 3, 0, 1, 1, 2, 2, 4, 0, 2, 2, 1, 0, 1, 0, 3, 1, 0, 1, 3, 4, 2, 1, 1, 1, 1, 4, 2, 2, 2, 3, 0, 2, 2, 2, 2, 2, 1, 2, 1, 1, 1, 1, 0, 2, 0, 2, 1, 0]}, null, null, 0, false, [], false, 0, [], null, 0, 1598052371.3925064, 0, {}]
[{"0": [0, 0, 1, 1, 1, 2, 0, 1, 0, 1, 0, 3, 1, 0, 0, 1, 1, 1, 2, 2, 1, 1, 1, 0, 1, 0, 1, 1, 2, 3, 3, 0, 1, 1, 1, 1, 0, 1, 0, 1, 2, 1, 1, 0, 2, 1, 2, 0, 2, 0, 3, 1, 1, 0, 2, 1, 1, 3, 1, 0]}, null, null, 0, false, [], false, 0, [], null, 0, 1598052401.4195642, 0, {}]
[{"0": [0, 2, 1, 0, 1, 0, 2, 1, 2, 0, 3, 0, 1, 0, 1, 1, 3, 2, 0, 2, 1, 2, 3, 1, 0, 0, 1, 1, 5, 1, 0, 3, 1, 2, 1, 1, 0, 3, 0, 1, 4, 0, 0, 1, 0, 1, 1, 3, 4, 0, 1, 1, 0, 1, 0, 0, 2, 1, 0, 0]}, null, null, 0, false, [], false, 0, [], null, 0, 1598052431.4132736, 0, {}]
[{"0": [3, 0, 4, 1, 3, 1, 3, 0, 1, 0, 2, 2, 3, 5, 0, 0, 0, 1, 1, 1, 2, 1, 0, 2, 1, 1, 2, 2, 1, 2, 3, 2, 0, 0, 0, 2, 1, 2, 1, 0, 2, 1, 1, 2, 2, 0, 0, 2, 2, 1, 4, 3, 3, 0, 0, 3, 2, 1, 0, 1]}, null, null, 0, false, [], false, 0, [], null, 0, 1598052461.4952672, 0, {}]
[{"0": [3, 1, 2, 2, 0, 0, 2, 1, 1, 0, 3, 2, 2, 2, 4, 1, 0, 0, 5, 0, 0, 2, 0, 2, 4, 1, 2, 1, 0, 1, 1, 2, 1, 4, 2, 0, 0, 2, 0, 1, 3, 4, 0, 2, 1, 2, 1, 1, 4, 1, 1, 1, 1, 2, 2, 2, 0, 2, 2, 0]}, null, null, 0, false, [], false, 0, [], null, 0, 1598052491.2291362, 0, {}]
[{"0": [1, 1, 3, 0, 0, 1, 1, 1, 2, 1, 0, 1, 0, 4, 1, 3, 2, 2, 3, 3, 0, 2, 1, 0, 0, 0, 0, 0, 2, 0, 0, 0, 0, 0, 1, 5, 2, 5, 1, 3, 2, 3, 0, 0, 2, 0, 0, 2, 1, 1, 1, 1, 3, 1, 0, 1, 0, 1, 0, 1]}, null, null, 0, false, [], false, 0, [], null, 0, 1598052521.5403674, 0, {}]
[{"0": [1, 2, 1, 3, 4, 2, 0, 2, 1, 2, 0, 0, 3, 3, 1, 0, 5, 1, 0, 0, 4, 0, 0, 2, 3, 3, 2, 0, 2, 3, 0, 1, 1, 0, 0, 2, 0, 0, 1, 3, 0, 1, 3, 2, 1, 1, 3, 0, 1, 2, 3, 5, 1, 1, 0, 1, 0, 3, 3, 0]}, null, null, 0, false, [], false, 0, [], null, 0, 1598052551.5525732, 0, {}]
[{"0": [4, 0, 0, 1, 2, 2, 3, 0, 2, 0, 2, 0, 1, 2, 1, 1, 0, 0, 2, 0, 0, 0, 3, 2, 0, 1, 3, 2, 0, 2, 1, 0, 0, 2, 2, 2, 1, 1, 1, 0, 2, 0, 1, 5, 0, 0, 2, 2, 2, 0, 0, 1, 1, 0, 2, 1, 2, 0, 1, 2]}, null, null, 0, false, [], false, 0, [], null, 0, 1598052581.5653772, 0, {}]
[{"0": [2, 3, 2, 3, 0, 0, 2, 3, 1, 1, 0, 1, 1, 0, 0, 1, 1, 1, 2, 0, 2, 2, 1, 2, 0, 3, 1, 2, 1, 5, 2, 0, 3, 2, 2, 2, 1, 1, 2, 2, 1, 2, 0, 2, 2, 1, 2, 2, 2, 2, 2, 2, 1, 1, 3, 0, 0, 0, 2, 1]}, null, null, 0, false, [], false, 0, [], null, 0, 1598052611.5652323, 0, {}]
[{"0": [1, 1, 3, 2, 0, 0, 1, 2, 2, 0, 1, 1, 0, 1, 0, 2, 1, 0, 0, 1, 3, 3, 0, 6, 1, 1, 2, 2, 2, 0, 0, 1, 0, 3, 2, 0, 1, 2, 0, 1, 2, 2, 0, 1, 4, 0, 0, 0, 2, 1, 2, 1, 2, 0, 2, 0, 0, 1, 2, 1]}, null, null, 0, false, [], false, 0, [], null, 0, 1598052641.5754282, 0, {}]
[{"0": [0, 2, 1, 1, 2, 2, 1, 1, 2, 0, 0, 3, 4, 2, 1, 2, 0, 4, 2, 2, 3, 1, 0, 4, 0, 0, 4, 0, 0, 2, 0, 0, 3, 0, 2, 0, 3, 1, 2, 1, 0, 0, 0, 1, 2, 2, 3, 0, 2, 2, 0, 1, 4, 4, 1, 1, 1, 0, 3, 3]}, null, null, 0, false, [], false, 0, [], null, 0, 1598052671.5994391, 0, {}]
[{"0": [2, 0, 2, 2, 0, 0, 1, 0, 0, 1, 4, 3, 2, 1, 3, 3, 3, 2, 4, 0, 2, 0, 2, 0, 0, 1, 0, 1, 2, 0, 1, 1, 0, 2, 2, 1, 1, 2, 1, 0, 2, 2, 2, 1, 0, 4, 1, 0, 0, 0, 0, 1, 1, 2, 0, 4, 2, 0, 1, 3]}, null, null, 0, false, [], false, 0, [], null, 0, 1598052701.605205, 0, {}]
[{"0": [2, 0, 1, 1, 0, 3, 1, 5, 1, 4, 3, 1, 3, 1, 5, 0, 1, 0, 1, 2, 0, 0, 2, 2, 2, 0, 1, 2, 0, 4, 2, 0, 0, 2, 0, 1, 1, 4, 1, 2, 1, 1, 1, 1, 0, 1, 1, 0, 0, 1, 1, 3, 0, 1, 3, 2, 0, 1, 4, 2]}, null, null, 0, false, [], false, 0, [], null, 0, 1598052731.6017082, 0, {}]
[{"0": [1, 0, 2, 0, 0, 1, 3, 1, 1, 0, 5, 3, 2, 3, 2, 3, 2, 0, 1, 0, 1, 4, 0, 1, 0, 5, 0, 2, 1, 1, 2, 0, 2, 3, 0, 2, 0, 1, 2, 1, 1, 3, 1, 0, 3, 1, 0, 3, 2, 1, 1, 1, 3, 0, 3, 0, 0, 2, 4, 1]}, null, null, 0, false, [], false, 0, [], null, 0, 1598052761.6122663, 0, {}]
[{"0": [3, 2, 2, 2, 2, 0, 2, 2, 2, 2, 2, 1, 2, 2, 1, 1, 2, 1, 1, 3, 1, 3, 0, 0, 3, 4, 1, 2, 1, 2, 3, 2, 1, 2, 2, 0, 2, 2, 1, 0, 2, 0, 1, 0, 0, 0, 1, 3, 0, 4, 2, 0, 0, 1, 1, 0, 2, 4, 1, 1]}, null, null, 0, false, [], false, 0, [], null, 0, 1598052791.6255946, 0, {}]
[{"0": [0, 0, 1, 2, 0, 0, 2, 2, 4, 1, 2, 2, 3, 0, 0, 1, 1, 2, 0, 1, 2, 0, 4, 1, 0, 2, 3, 0, 0, 0, 1, 1, 1, 5, 3, 1, 1, 1, 0, 1, 2, 1, 2, 0, 2, 1, 0, 2, 0, 1, 1, 1, 0, 0, 1, 0, 1, 0, 0, 3]}, null, null, 0, false, [], false, 0, [], null, 0, 1598052821.6295378, 0, {}]
[{"0": [1, 0, 2, 3, 0, 1, 1, 2, 3, 1, 1, 1, 2, 1, 1, 0, 0, 3, 2, 1, 1, 1, 1, 0, 4, 0, 0, 0, 0, 0, 3, 0, 2, 2, 3, 4, 2, 2, 2, 2, 2, 1, 3, 1, 2, 4, 2, 3, 1, 3, 1, 1, 3, 3, 0, 2, 1, 0, 1, 0]}, null, null, 0, false, [], false, 0, [], null, 0, 1598052851.6515727, 0, {}]
[{"0": [1, 4, 0, 2, 0, 2, 1, 0, 2, 1, 2, 1, 1, 0, 1, 1, 0, 1, 1, 2, 0, 1, 0, 1, 1, 2, 1, 1, 0, 0, 3, 1, 0, 4, 2, 2, 0, 2, 0, 3, 0, 0, 2, 1, 2, 2, 1, 0, 3, 1, 1, 1, 2, 4, 1, 0, 1, 0, 0, 1]}, null, null, 0, false, [], false, 0, [], null, 0, 1598052881.6473098, 0, {}]
[{"0": [1, 0, 1, 1, 0, 4, 2, 1, 0, 2, 3, 3, 2, 3, 0, 2, 0, 2, 1, 3, 2, 3, 0, 0, 1, 2, 0, 1, 0, 1, 2, 0, 0, 3, 1, 4, 1, 0, 3, 0, 5, 0, 3, 1, 3, 0, 2, 2, 0, 1, 1, 2, 1, 2, 0, 3, 1, 3, 2, 0]}, null, null, 0, false, [], false, 0, [], null, 0, 1598052911.662209, 0, {}]
[{"0": [2, 0, 2, 6, 5, 0, 0, 0, 0, 2, 1, 3, 1, 1, 4, 3, 1, 2, 1, 2, 2, 1, 0, 2, 2, 0, 0, 0, 0, 3, 2, 1, 0, 1, 3, 3, 0, 0, 1, 4, 2, 1, 1, 1, 2, 2, 2, 1, 1, 2, 1, 0, 1, 3, 2, 0, 1, 1, 0, 1]}, null, null, 0, false, [], false, 0, [], null, 0, 1598052941.6797757, 0, {}]
[{"0": [3, 1, 3, 0, 0, 1, 1, 1, 1, 1, 0, 3, 0, 0, 4, 1, 2, 1, 1, 4, 3, 1, 1, 0, 2, 2, 0, 1, 1, 1, 0, 1, 1, 2, 1, 2, 2, 2, 0, 5, 0, 6, 2, 2, 3, 1, 0, 1, 2, 0, 0, 1, 2, 1, 0, 0, 2, 1, 0, 4]}, null, null, 0, false, [], false, 0, [], null, 0, 1598052971.6945329, 0, {}]
[{"0": [2, 2, 2, 0, 0, 4, 0, 2, 0, 0, 2, 3, 0, 2, 1, 1, 3, 2, 0, 3, 2, 1, 0, 0, 0, 0, 4, 1, 2, 1, 3, 1, 3, 2, 1, 2, 2, 1, 0, 1, 2, 3, 3, 4, 0, 1, 2, 3, 2, 1, 1, 0, 0, 0, 0, 0, 1, 2, 3, 3]}, null, null, 0, false, [], false, 0, [], null, 0, 1598053001.694913, 0, {}]
[{"0": [0, 3, 0, 3, 1, 0, 2, 0, 2, 0, 0, 0, 4, 0, 3, 2, 1, 3, 1, 0, 3, 3, 2, 0, 2, 2, 1, 1, 1, 1, 1, 2, 2, 3, 0, 1, 0, 2, 1, 1, 0, 1, 0, 1, 2, 0, 2, 0, 3, 0, 1, 1, 0, 1, 3, 0, 2, 2, 0, 0]}, null, null, 0, false, [], false, 0, [], null, 0, 1598053031.6960506, 0, {}]
[{"0": [1, 1, 0, 1, 1, 2, 1, 2, 2, 1, 0, 0, 3, 1, 0, 1, 3, 1, 1, 0, 1, 0, 4, 0, 1, 3, 1, 1, 1, 2, 0, 2, 0, 1, 1, 2, 1, 1, 1, 3, 1, 3, 3, 1, 1, 0, 2, 2, 2, 2, 1, 2, 0, 0, 0, 5, 1, 0, 2, 1]}, null, null, 0, false, [], false, 0, [], null, 0, 1598053061.7113953, 0, {}]
[{"0": [0, 0, 2, 1, 0, 2, 2, 1, 1, 0, 1, 2, 2, 1, 0, 0, 1, 0, 1, 1, 0, 1, 1, 0, 1, 2, 1, 3, 1, 1, 0, 1, 1, 3, 2, 0, 2, 1, 1, 6, 1, 2, 2, 3, 1, 0, 1, 0, 1, 1, 1, 2, 1, 3, 1, 0, 2, 0, 1, 6]}, null, null, 0, false, [], false, 0, [], null, 0, 1598053091.722581, 0, {}]
[{"0": [1, 0, 2, 2, 1, 1, 0, 1, 4, 1, 0, 2, 0, 2, 3, 2, 0, 2, 0, 3, 0, 3, 2, 2, 1, 1, 3, 1, 1, 0, 1, 1, 1, 2, 1, 3, 1, 1, 1, 3, 0, 2, 2, 0, 0, 2, 1, 1, 1, 3, 2, 1, 3, 0, 3, 2, 2, 0, 0, 1]}, null, null, 0, false, [], false, 0, [], null, 0, 1598053121.6513176, 0, {}]
[{"0": [0, 2, 3, 2, 1, 1, 1, 0, 1, 3, 2, 1, 0, 1, 1, 1, 1, 0, 3, 1, 0, 0, 2, 2, 3, 2, 0, 1, 0, 1, 0, 3, 3, 0, 2, 4, 2, 2, 3, 1, 1, 2, 1, 1, 0, 0, 0, 1, 0, 4, 2, 2, 0, 0, 0, 0, 2, 0, 0, 2]}, null, null, 0, false, [], false, 0, [], null, 0, 1598053151.6956651, 0, {}]
[{"0": [3, 2, 2, 3, 1, 3, 0, 2, 2, 1, 2, 0, 3, 1, 0, 2, 1, 1, 3, 1, 2, 0, 2, 2, 1, 1, 2, 0, 0, 6, 0, 2, 3, 1, 0, 2, 0, 1, 2, 1, 0, 3, 0, 3, 1, 3, 1, 0, 1, 2, 3, 3, 0, 2, 0, 2, 0, 0, 0, 1]}, null, null, 0, false, [], false, 0, [], null, 0, 1598053183.9012938, 0, {}]
[{"0": [1, 2, 2, 1, 1, 1, 0, 1, 0, 3, 2, 1, 0, 3, 2, 1, 1, 3, 2, 2, 0, 2, 2, 1, 2, 1, 0, 0, 1, 0, 1, 2, 1, 1, 0, 1, 2, 2, 3, 1, 0, 2, 3, 0, 1, 0, 0, 0, 2, 0, 0, 1, 1, 1, 2, 0, 0, 2, 1, 0]}, null, null, 0, false, [], false, 0, [], null, 0, 1598053209.2100172, 0, {}]
[{"0": [1, 1, 1, 1, 1, 0, 1, 1, 2, 3, 2, 1, 1, 2, 1, 2, 1, 3, 2, 2, 2, 0, 0, 1, 0, 1, 0, 2, 2, 2, 3, 1, 1, 1, 1, 1, 0, 1, 2, 1, 4, 3, 0, 3, 2, 1, 1, 1, 0, 5, 0, 3, 0, 0, 3, 2, 2, 1, 1, 1]}, null, null, 0, false, [], false, 0, [], null, 0, 1598053240.9646947, 0, {}]
[{"0": [2, 3, 2, 2, 0, 3, 1, 0, 3, 2, 2, 3, 0, 2, 0, 1, 2, 1, 5, 1, 0, 2, 2, 2, 2, 1, 1, 1, 0, 2, 1, 1, 2, 1, 1, 1, 2, 1, 0, 3, 4, 1, 0, 0, 1, 3, 1, 0, 2, 5, 4, 2, 3, 0, 1, 2, 1, 3, 1, 4]}, null, null, 0, false, [], false, 0, [], null, 0, 1598053274.9916961, 0, {}]
[{"0": [2, 0, 0, 3, 4, 2, 1, 0, 1, 2, 2, 2, 1, 1, 1, 1, 0, 0, 1, 2, 3, 2, 2, 1, 1, 0, 0, 2, 2, 0, 1, 2, 0, 2, 0, 0, 2, 0, 3, 1, 0, 1, 3, 3, 3, 0, 0, 4, 0, 2, 0, 1, 1, 1, 2, 2, 1, 1, 1, 1]}, null, null, 0, false, [], false, 0, [], null, 0, 1598053299.9169767, 0, {}]
[{"0": [3, 4, 1, 1, 2, 1, 1, 0, 0, 5, 0, 3, 0, 1, 3, 1, 6, 1, 1, 0, 1, 1, 0, 0, 1, 0, 3, 5, 2, 2, 4, 1, 0, 0, 0, 0, 1, 0, 3, 0, 0, 2, 0, 1, 2, 0, 1, 1, 2, 0, 1, 2, 1, 2, 1, 0, 2, 1, 1, 0]}, null, null, 0, false, [], false, 0, [], null, 0, 1598053327.368637, 0, {}]
[{"0": [1, 0, 2, 0, 1, 0, 0, 1, 1, 2, 1, 0, 2, 1, 6, 2, 1, 0, 4, 2, 2, 1, 1, 0, 1, 1, 0, 4, 2, 2, 3, 0, 2, 0, 0, 0, 1, 1, 3, 2, 4, 1, 2, 3, 1, 0, 0, 2, 1, 1, 0, 1, 0, 0, 2, 1, 1, 1, 4, 2]}, null, null, 0, false, [], false, 0, [], null, 0, 1598053363.6911998, 0, {}]
[{"0": [1, 2, 0, 2, 1, 3, 3, 2, 0, 4, 1, 1, 2, 0, 0, 0, 2, 0, 0, 0, 1, 1, 0, 1, 1, 3, 0, 1, 1, 1, 3, 2, 0, 1, 1, 3, 1, 0, 5, 0, 0, 5, 1, 0, 0, 1, 0, 0, 1, 0, 1, 0, 2, 1, 2, 2, 1, 0, 2, 1]}, null, null, 0, false, [], false, 0, [], null, 0, 1598053395.707066, 0, {}]
[{"0": [0, 2, 1, 1, 1, 0, 2, 2, 2, 1, 0, 1, 0, 3, 0, 0, 2, 1, 1, 3, 2, 1, 1, 1, 3, 2, 3, 0, 1, 3, 2, 1, 2, 1, 0, 4, 1, 3, 0, 3, 0, 1, 2, 4, 3, 2, 0, 0, 1, 1, 2, 3, 4, 1, 2, 0, 0, 1, 0, 1]}, null, null, 0, false, [], false, 0, [], null, 0, 1598053419.167338, 0, {}]
[{"0": [2, 2, 1, 1, 2, 1, 3, 1, 2, 1, 3, 1, 4, 1, 1, 2, 2, 0, 2, 0, 3, 0, 2, 1, 1, 1, 0, 1, 2, 0, 0, 3, 2, 1, 0, 1, 0, 1, 1, 1, 1, 2, 0, 0, 1, 1, 0, 0, 2, 2, 1, 1, 1, 3, 0, 1, 3, 0, 1, 1]}, null, null, 0, false, [], false, 0, [], null, 0, 1598053445.0340877, 0, {}]
[{"0": [0, 0, 4, 0, 1, 1, 0, 5, 0, 0, 3, 1, 2, 2, 0, 0, 1, 1, 0, 1, 1, 0, 1, 1, 1, 3, 1, 2, 0, 0, 1, 0, 2, 1, 1, 0, 0, 2, 3, 1, 2, 2, 0, 1, 3, 1, 0, 3, 0, 3, 0, 1, 1, 0, 0, 0, 0, 0, 0, 2]}, null, null, 0, false, [], false, 0, [], null, 0, 1598053479.466152, 0, {}]
[{"0": [1, 2, 2, 2, 1, 2, 0, 0, 1, 1, 3, 2, 0, 1, 2, 2, 2, 1, 1, 0, 2, 2, 2, 1, 1, 0, 1, 1, 0, 2, 1, 0, 0, 3, 1, 2, 0, 0, 2, 2, 0, 1, 1, 0, 2, 1, 2, 1, 0, 2, 1, 3, 0, 0, 1, 0, 1, 1, 1, 2]}, null, null, 0, false, [], false, 0, [], null, 0, 1598053516.2947474, 0, {}]
[{"0": [1, 0, 5, 1, 0, 2, 0, 0, 2, 0, 0, 1, 1, 2, 1, 3, 1, 2, 1, 1, 3, 2, 2, 3, 1, 3, 3, 0, 0, 1, 6, 1, 0, 1, 2, 3, 3, 1, 2, 1, 1, 1, 1, 2, 1, 3, 1, 1, 1, 1, 2, 0, 0, 2, 0, 4, 2, 1, 2, 1]}, null, null, 0, false, [], false, 0, [], null, 0, 1598053543.132985, 0, {}]
[{"0": [3, 0, 1, 3, 1, 2, 1, 1, 2, 0, 2, 0, 0, 0, 3, 2, 2, 1, 3, 0, 3, 0, 1, 1, 0, 2, 1, 3, 0, 1, 2, 3, 2, 2, 0, 1, 0, 1, 4, 3, 1, 1, 1, 0, 1, 2, 0, 0, 1, 2, 1, 5, 2, 3, 2, 2, 3, 3, 4, 3]}, null, null, 0, false, [], false, 0, [], null, 0, 1598053567.5024042, 0, {}]
[{"0": [5, 1, 0, 0, 1, 3, 2, 1, 1, 1, 0, 1, 2, 2, 2, 0, 5, 1, 1, 3, 2, 2, 3, 3, 1, 1, 3, 0, 3, 1, 1, 0, 2, 1, 1, 1, 0, 0, 2, 2, 0, 3, 0, 0, 5, 3, 1, 1, 1, 1, 4, 1, 1, 1, 1, 1, 0, 1, 1, 2]}, null, null, 0, false, [], false, 0, [], null, 0, 1598053599.9151871, 0, {}]
[{"0": [1, 0, 1, 2, 2, 1, 0, 0, 2, 1, 1, 1, 2, 3, 2, 0, 1, 2, 1, 1, 0, 0, 1, 0, 0, 3, 1, 0, 0, 2, 3, 2, 0, 0, 0, 1, 2, 3, 0, 0, 2, 1, 1, 3, 0, 0, 3, 1, 1, 3, 0, 1, 1, 1, 0, 1, 0, 1, 0, 0]}, null, null, 0, false, [], false, 0, [], null, 0, 1598053634.5771806, 0, {}]
[{"0": [2, 0, 1, 1, 1, 3, 2, 1, 2, 0, 1, 2, 0, 0, 3, 1, 1, 3, 0, 1, 0, 0, 1, 1, 3, 0, 1, 1, 0, 2, 1, 2, 3, 1, 1, 2, 2, 1, 1, 1, 3, 5, 0, 2, 0, 3, 2, 2, 4, 0, 1, 0, 1, 1, 1, 1, 1, 2, 1, 0]}, null, null, 0, false, [], false, 0, [], null, 0, 1598053659.9881444, 0, {}]
[{"0": [1, 1, 1, 3, 2, 1, 2, 2, 0, 1, 0, 1, 0, 1, 2, 1, 1, 1, 1, 0, 2, 0, 0, 0, 3, 3, 0, 2, 0, 1, 3, 1, 2, 3, 1, 1, 1, 2, 3, 1, 2, 1, 1, 2, 1, 0, 3, 4, 3, 1, 0, 0, 3, 1, 2, 2, 2, 0, 1, 1]}, null, null, 0, false, [], false, 0, [], null, 0, 1598053688.0304031, 0, {}]
[{"0": [2, 0, 2, 1, 3, 1, 1, 1, 2, 1, 1, 1, 4, 2, 2, 2, 2, 2, 1, 2, 1, 1, 1, 1, 0, 1, 0, 0, 2, 2, 1, 4, 1, 2, 0, 3, 1, 1, 1, 1, 2, 0, 2, 2, 1, 1, 2, 0, 0, 2, 0, 0, 2, 2, 3, 0, 3, 1, 0, 0]}, null, null, 0, false, [], false, 0, [], null, 0, 1598053725.0733263, 0, {}]
[{"0": [0, 2, 2, 1, 1, 0, 1, 4, 1, 0, 2, 1, 1, 1, 1, 2, 2, 3, 0, 0, 1, 0, 1, 5, 3, 2, 0, 0, 1, 0, 1, 1, 1, 1, 2, 2, 1, 1, 0, 0, 4, 1, 3, 3, 2, 1, 1, 1, 1, 0, 1, 1, 0, 1, 1, 3, 2, 3, 1, 0]}, null, null, 0, false, [], false, 0, [], null, 0, 1598053757.7011833, 0, {}]
[{"0": [1, 1, 2, 2, 1, 1, 1, 1, 0, 1, 4, 1, 1, 0, 0, 0, 2, 2, 2, 1, 0, 4, 0, 0, 1, 1, 2, 2, 1, 1, 0, 2, 0, 3, 2, 3, 3, 3, 0, 0, 0, 2, 1, 3, 3, 3, 2, 2, 2, 0, 0, 2, 1, 3, 0, 1, 3, 2, 1, 2]}, null, null, 0, false, [], false, 0, [], null, 0, 1598053781.6290357, 0, {}]
[{"0": [0, 2, 0, 1, 1, 1, 2, 3, 2, 1, 2, 3, 2, 1, 1, 2, 1, 1, 1, 1, 1, 2, 1, 0, 1, 2, 1, 1, 2, 1, 1, 0, 2, 1, 2, 1, 0, 0, 3, 3, 2, 1, 2, 2, 2, 3, 2, 2, 2, 1, 1, 1, 6, 1, 3, 1, 0, 1, 2, 1]}, null, null, 0, false, [], false, 0, [], null, 0, 1598053808.0234861, 0, {}]
[{"0": [0, 0, 2, 1, 0, 1, 3, 1, 1, 1, 1, 0, 0, 0, 1, 4, 1, 1, 2, 0, 0, 3, 2, 0, 1, 3, 1, 3, 2, 0, 0, 1, 0, 1, 2, 2, 0, 1, 1, 1, 0, 1, 3, 2, 4, 2, 1, 1, 1, 2, 1, 2, 4, 1, 1, 0, 0, 2, 4, 0]}, null, null, 0, false, [], false, 0, [], null, 0, 1598053842.9104846, 0, {}]
[{"0": [1, 3, 3, 0, 0, 1, 2, 2, 0, 0, 0, 3, 0, 1, 2, 1, 2, 1, 1, 3, 2, 2, 2, 0, 3, 2, 1, 1, 1, 1, 0, 1, 0, 0, 2, 1, 3, 2, 0, 0, 1, 0, 2, 0, 3, 2, 0, 1, 1, 1, 0, 0, 0, 2, 1, 3, 2, 1, 0, 0]}, null, null, 0, false, [], false, 0, [], null, 0, 1598053873.619457, 0, {}]
[{"0": [0, 3, 0, 2, 2, 3, 2, 0, 3, 0, 0, 3, 0, 0, 1, 0, 2, 2, 1, 1, 1, 3, 0, 1, 0, 2, 0, 3, 2, 2, 2, 0, 0, 2, 4, 0, 1, 3, 0, 2, 2, 0, 1, 1, 0, 0, 1, 1, 0, 3, 1, 1, 1, 2, 0, 1, 1, 4, 2, 1]}, null, null, 0, false, [], false, 0, [], null, 0, 1598053897.824106, 0, {}]
[{"0": [2, 2, 1, 2, 2, 1, 0, 2, 1, 0, 1, 1, 2, 0, 0, 1, 1, 2, 3, 1, 2, 1, 0, 2, 2, 2, 5, 0, 2, 0, 0, 2, 1, 0, 0, 0, 2, 2, 2, 1, 3, 1, 1, 0, 1, 2, 2, 2, 1, 1, 1, 1, 3, 3, 1, 0, 2, 0, 2, 0]}, null, null, 0, false, [], false, 0, [], null, 0, 1598053928.2027464, 0, {}]
[{"0": [3, 1, 1, 2, 1, 1, 2, 0, 0, 1, 0, 3, 1, 1, 1, 0, 0, 0, 1, 1, 2, 1, 2, 3, 3, 1, 1, 1, 1, 0, 0, 1, 1, 2, 1, 0, 1, 0, 1, 1, 1, 0, 2, 0, 1, 0, 3, 0, 1, 0, 1, 1, 2, 0, 0, 0, 2, 1, 0, 3]}, null, null, 0, false, [], false, 0, [], null, 0, 1598053965.4495642, 0, {}]
[{"0": [0, 0, 3, 1, 2, 2, 3, 2, 0, 1, 2, 0, 1, 1, 1, 0, 0, 0, 0, 0, 1, 1, 4, 2, 1, 2, 0, 2, 1, 1, 0, 3, 0, 2, 3, 4, 1, 0, 2, 1, 0, 2, 2, 1, 2, 2, 3, 0, 1, 0, 2, 0, 1, 0, 4, 2, 1, 0, 0, 0]}, null, null, 0, false, [], false, 0, [], null, 0, 1598053994.3439443, 0, {}]
[{"0": [1, 1, 0, 0, 2, 0, 0, 1, 1, 1, 1, 0, 4, 1, 1, 1, 1, 0, 0, 3, 1, 0, 0, 0, 2, 1, 1, 1, 2, 1, 3, 0, 2, 1, 1, 0, 2, 2, 0, 1, 1, 1, 1, 1, 1, 2, 1, 1, 1, 2, 2, 1, 3, 1, 0, 1, 0, 2, 1, 0]}, null, null, 0, false, [], false, 0, [], null, 0, 1598054017.1322803, 0, {}]
[{"0": [1, 4, 0, 3, 1, 2, 0, 1, 1, 1, 0, 0, 2, 0, 1, 1, 2, 0, 2, 0, 0, 0, 1, 4, 0, 0, 2, 2, 2, 1, 2, 1, 3, 1, 1, 1, 1, 1, 1, 1, 0, 4, 1, 1, 1, 0, 2, 0, 0, 0, 0, 1, 1, 1, 2, 1, 3, 2, 0, 1]}, null, null, 0, false, [], false, 0, [], null, 0, 1598054045.7449093, 0, {}]
[{"0": [1, 0, 1, 2, 1, 4, 1, 4, 0, 1, 1, 3, 1, 1, 1, 0, 4, 4, 1, 1, 0, 0, 2, 2, 1, 0, 3, 1, 3, 0, 1, 1, 1, 2, 1, 0, 0, 0, 2, 1, 0, 1, 0, 3, 0, 0, 0, 2, 1, 1, 2, 1, 1, 0, 5, 0, 2, 1, 0, 3]}, null, null, 0, false, [], false, 0, [], null, 0, 1598054083.531955, 0, {}]
[{"0": [3, 2, 1, 0, 1, 1, 3, 1, 0, 1, 2, 2, 1, 1, 2, 0, 0, 2, 0, 1, 0, 2, 1, 4, 0, 3, 0, 1, 1, 1, 1, 0, 1, 0, 0, 1, 0, 2, 0, 2, 1, 1, 1, 0, 1, 1, 1, 2, 0, 2, 4, 1, 2, 1, 0, 2, 1, 1, 1, 4]}, null, null, 0, false, [], false, 0, [], null, 0, 1598054116.7916558, 0, {}]
[{"0": [1, 3, 3, 1, 0, 4, 1, 0, 0, 2, 3, 1, 0, 3, 1, 1, 0, 0, 2, 1, 1, 0, 0, 0, 0, 1, 2, 1, 1, 2, 1, 3, 1, 0, 1, 1, 1, 0, 3, 3, 1, 2, 2, 2, 1, 1, 3, 2, 1, 3, 3, 4, 1, 1, 3, 0, 1, 1, 2, 1]}, null, null, 0, false, [], false, 0, [], null, 0, 1598054141.189069, 0, {}]
[{"0": [0, 1, 3, 1, 2, 1, 2, 1, 5, 1, 1, 2, 3, 0, 1, 3, 1, 0, 2, 2, 0, 1, 2, 0, 3, 1, 0, 0, 3, 0, 1, 4, 0, 3, 1, 2, 1, 2, 1, 1, 1, 2, 1, 0, 2, 0, 2, 1, 1, 2, 1, 0, 2, 3, 1, 0, 2, 2, 0, 2]}, null, null, 0, false, [], false, 0, [], null, 0, 1598054168.1514966, 0, {}]
[{"0": [0, 2, 2, 0, 0, 1, 1, 0, 0, 0, 1, 1, 1, 1, 0, 0, 0, 1, 1, 0, 0, 1, 0, 2, 2, 1, 0, 2, 0, 2, 1, 2, 2, 0, 1, 2, 1, 2, 0, 2, 2, 0, 0, 0, 1, 1, 0, 1, 0, 1, 4, 4, 3, 0, 1, 1, 1, 1, 1, 2]}, null, null, 0, false, [], false, 0, [], null, 0, 1598054203.7367685, 0, {}]
[{"0": [0, 2, 1, 2, 2, 1, 1, 2, 2, 4, 2, 3, 1, 0, 0, 0, 0, 1, 1, 2, 0, 1, 1, 0, 1, 0, 2, 1, 2, 1, 1, 0, 0, 0, 3, 4, 0, 2, 1, 1, 1, 2, 2, 0, 0, 0, 1, 1, 3, 1, 2, 1, 1, 0, 2, 2, 0, 0, 0, 0]}, null, null, 0, false, [], false, 0, [], null, 0, 1598054235.0214067, 0, {}]
[{"0": [2, 0, 0, 1, 2, 0, 1, 2, 1, 0, 0, 3, 1, 2, 1, 2, 0, 3, 2, 4, 3, 3, 0, 1, 1, 0, 1, 1, 0, 1, 0, 1, 0, 2, 2, 1, 1, 1, 0, 1, 1, 5, 0, 0, 0, 0, 0, 3, 1, 0, 0, 3, 3, 0, 0, 1, 0, 1, 0, 1]}, null, null, 0, false, [], false, 0, [], null, 0, 1598054259.708199, 0, {}]
[{"0": [0, 3, 0, 2, 1, 3, 0, 4, 1, 2, 2, 0, 4, 1, 0, 0, 1, 2, 0, 1, 2, 1, 2, 1, 3, 3, 2, 1, 1, 3, 1, 0, 1, 0, 3, 2, 0, 1, 1, 1, 0, 1, 0, 0, 1, 2, 1, 0, 0, 0, 0, 3, 1, 3, 0, 1, 1, 1, 0, 4]}, null, null, 0, false, [], false, 0, [], null, 0, 1598054290.715051, 0, {}]
[{"0": [1, 1, 2, 0, 1, 1, 2, 1, 2, 0, 2, 3, 1, 1, 1, 1, 2, 3, 1, 1, 0, 2, 2, 1, 1, 2, 2, 1, 0, 1, 1, 2, 4, 3, 4, 1, 2, 1, 1, 3, 1, 0, 0, 0, 3, 2, 0, 4, 1, 1, 1, 0, 3, 1, 0, 1, 0, 2, 2, 3]}, null, null, 0, false, [], false, 0, [], null, 0, 1598054323.7850277, 0, {}]
[{"0": [1, 3, 0, 2, 0, 1, 1, 2, 1, 1, 0, 2, 1, 4, 1, 1, 1, 0, 5, 1, 4, 0, 2, 0, 2, 3, 0, 2, 1, 1, 1, 0, 1, 0, 1, 0, 2, 0, 0, 2, 1, 0, 1, 1, 1, 3, 3, 0, 2, 1, 0, 1, 1, 2, 4, 1, 0, 3, 1, 1]}, null, null, 0, false, [], false, 0, [], null, 0, 1598054349.867333, 0, {}]
[{"0": [1, 2, 1, 0, 2, 3, 1, 1, 3, 1, 1, 2, 4, 1, 1, 0, 0, 2, 3, 1, 2, 1, 1, 1, 1, 1, 1, 1, 3, 5, 3, 0, 2, 2, 0, 1, 3, 1, 0, 1, 0, 1, 0, 1, 0, 0, 2, 2, 0, 4, 5, 1, 1, 1, 3, 4, 1, 1, 1, 0]}, null, null, 0, false, [], false, 0, [], null, 0, 1598054382.305965, 0, {}]
[{"0": [1, 1, 2, 1, 1, 1, 2, 3, 4, 0, 4, 0, 2, 3, 0, 2, 3, 3, 4, 0, 2, 1, 0, 0, 1, 0, 2, 1, 0, 0, 2, 3, 1, 1, 3, 0, 3, 2, 0, 2, 1, 1, 1, 3, 0, 5, 1, 2, 1, 2, 3, 1, 1, 2, 4, 0, 1, 1, 0, 2]}, null, null, 0, false, [], false, 0, [], null, 0, 1598054412.3126595, 0, {}]
[{"0": [3, 0, 3, 1, 3, 1, 3, 4, 2, 1, 1, 1, 1, 0, 4, 1, 0, 2, 0, 0, 1, 0, 0, 2, 3, 3, 0, 2, 1, 2, 3, 0, 0, 3, 5, 0, 1, 2, 2, 1, 3, 0, 0, 1, 0, 0, 2, 1, 1, 3, 1, 0, 1, 0, 1, 0, 0, 3, 1, 0]}, null, null, 0, false, [], false, 0, [], null, 0, 1598054442.3217726, 0, {}]
[{"0": [2, 1, 4, 1, 2, 2, 1, 1, 0, 3, 1, 0, 1, 1, 1, 0, 1, 2, 3, 2, 0, 3, 0, 1, 1, 0, 2, 5, 3, 1, 2, 2, 1, 2, 0, 1, 0, 2, 2, 6, 1, 2, 0, 2, 2, 3, 0, 2, 3, 1, 2, 2, 1, 4, 0, 0, 0, 1, 0, 0]}, null, null, 0, false, [], false, 0, [], null, 0, 1598054472.3304892, 0, {}]
[{"0": [5, 1, 4, 2, 1, 2, 1, 2, 3, 1, 2, 2, 1, 2, 0, 1, 4, 0, 0, 0, 0, 1, 1, 2, 0, 1, 0, 1, 1, 3, 0, 1, 1, 2, 2, 0, 1, 3, 1, 0, 6, 4, 2, 2, 0, 1, 1, 0, 2, 4, 0, 0, 2, 1, 0, 2, 5, 2, 2, 0]}, null, null, 0, false, [], false, 0, [], null, 0, 1598054502.3485126, 0, {}]
[{"0": [1, 1, 0, 1, 1, 1, 1, 3, 1, 0, 2, 1, 1, 2, 1, 1, 1, 1, 0, 0, 3, 0, 1, 0, 4, 0, 0, 2, 1, 1, 1, 0, 2, 1, 0, 2, 2, 1, 2, 0, 0, 3, 0, 1, 1, 1, 1, 1, 0, 0, 1, 0, 2, 1, 1, 0, 2, 2, 4, 0]}, null, null, 0, false, [], false, 0, [], null, 0, 1598054532.34774, 0, {}]
[{"0": [2, 1, 1, 4, 3, 3, 3, 1, 2, 1, 1, 1, 2, 2, 0, 4, 0, 0, 1, 1, 4, 0, 2, 1, 1, 0, 4, 2, 0, 0, 1, 2, 2, 0, 0, 3, 2, 1, 1, 3, 2, 3, 1, 0, 1, 0, 1, 0, 2, 0, 1, 1, 3, 0, 1, 0, 2, 2, 0, 1]}, null, null, 0, false, [], false, 0, [], null, 0, 1598054562.362003, 0, {}]
[{"0": [1, 1, 1, 3, 1, 0, 0, 0, 1, 2, 1, 3, 0, 2, 1, 1, 1, 1, 2, 1, 1, 0, 3, 3, 1, 2, 3, 1, 2, 3, 0, 2, 0, 0, 2, 1, 0, 1, 0, 3, 1, 1, 2, 1, 0, 1, 2, 1, 1, 2, 0, 1, 0, 3, 4, 1, 0, 0, 2, 2]}, null, null, 0, false, [], false, 0, [], null, 0, 1598054592.3688402, 0, {}]
[{"0": [1, 2, 0, 4, 2, 1, 3, 2, 2, 0, 4, 0, 2, 0, 3, 1, 1, 1, 3, 1, 2, 4, 1, 0, 2, 1, 0, 4, 2, 4, 2, 0, 1, 2, 1, 2, 3, 3, 3, 2, 0, 4, 1, 0, 1, 2, 1, 1, 3, 2, 2, 4, 0, 2, 3, 1, 2, 0, 1, 1]}, null, null, 0, false, [], false, 0, [], null, 0, 1598054622.3764918, 0, {}]
[{"0": [4, 0, 1, 0, 1, 0, 1, 3, 1, 1, 1, 0, 1, 0, 1, 1, 3, 1, 1, 2, 4, 2, 0, 2, 4, 2, 3, 4, 3, 1, 1, 2, 1, 1, 2, 3, 0, 2, 3, 2, 3, 1, 0, 2, 1, 1, 1, 1, 3, 3, 0, 1, 2, 1, 0, 1, 0, 1, 1, 2]}, null, null, 0, false, [], false, 0, [], null, 0, 1598054652.3952012, 0, {}]
[{"0": [0, 2, 4, 2, 0, 0, 0, 1, 1, 1, 1, 1, 0, 0, 4, 0, 1, 0, 0, 2, 2, 3, 2, 0, 1, 1, 2, 2, 1, 3, 2, 5, 1, 1, 1, 1, 2, 1, 0, 0, 3, 3, 2, 1, 2, 1, 2, 2, 0, 2, 1, 2, 3, 1, 3, 1, 1, 2, 0, 3]}, null, null, 0, false, [], false, 0, [], null, 0, 1598054682.3954163, 0, {}]
[{"0": [2, 1, 2, 1, 0, 0, 3, 3, 3, 0, 0, 0, 0, 3, 1, 2, 0, 3, 2, 0, 3, 0, 2, 1, 1, 0, 2, 0, 3, 0, 2, 2, 1, 1, 0, 2, 5, 2, 1, 1, 0, 1, 2, 0, 1, 4, 1, 2, 2, 1, 1, 2, 2, 2, 3, 2, 1, 2, 2, 3]}, null, null, 0, false, [], false, 0, [], null, 0, 1598054712.403972, 0, {}]
[{"0": [0, 1, 1, 1, 2, 1, 1, 1, 1, 1, 1, 2, 1, 1, 1, 2, 5, 2, 1, 2, 0, 2, 2, 0, 2, 1, 3, 1, 0, 0, 2, 4, 0, 2, 3, 1, 2, 0, 0, 1, 2, 1, 0, 3, 2, 1, 2, 2, 2, 0, 0, 0, 0, 2, 0, 0, 0, 1, 2, 0]}, null, null, 0, false, [], false, 0, [], null, 0, 1598054742.4236355, 0, {}]
[{"0": [0, 3, 1, 3, 0, 4, 1, 0, 2, 1, 0, 1, 3, 2, 0, 1, 4, 2, 0, 0, 1, 1, 0, 3, 0, 2, 3, 0, 1, 1, 0, 1, 1, 2, 1, 0, 1, 2, 0, 0, 1, 2, 2, 2, 1, 2, 3, 3, 1, 2, 0, 4, 1, 1, 1, 2, 1, 3, 1, 2]}, null, null, 0, false, [], false, 0, [], null, 0, 1598054772.4267564, 0, {}]
[{"0": [2, 1, 1, 4, 0, 1, 3, 0, 0, 2, 2, 3, 2, 1, 3, 2, 3, 1, 2, 1, 2, 3, 0, 3, 3, 1, 0, 2, 1, 2, 3, 2, 3, 1, 2, 1, 2, 1, 1, 3, 0, 0, 0, 3, 0, 2, 1, 1, 0, 0, 2, 2, 1, 0, 2, 3, 0, 0, 2, 1]}, null, null, 0, false, [], false, 0, [], null, 0, 1598054802.4485326, 0, {}]
[{"0": [1, 1, 1, 3, 0, 3, 1, 2, 2, 2, 1, 2, 1, 2, 1, 2, 1, 2, 0, 1, 0, 3, 4, 1, 1, 0, 0, 1, 1, 1, 2, 2, 1, 0, 1, 2, 6, 0, 1, 0, 1, 2, 0, 3, 2, 3, 4, 1, 2, 0, 0, 5, 2, 0, 2, 1, 6, 2, 0, 0]}, null, null, 0, false, [], false, 0, [], null, 0, 1598054832.4416656, 0, {}]
[{"0": [3, 2, 1, 1, 1, 3, 1, 2, 1, 2, 2, 0, 0, 2, 0, 3, 0, 1, 1, 3, 2, 2, 1, 0, 1, 0, 4, 2, 3, 0, 4, 1, 2, 2, 2, 1, 0, 5, 4, 1, 1, 3, 2, 1, 1, 1, 0, 1, 2, 0, 1, 4, 0, 4, 1, 2, 3, 2, 0, 1]}, null, null, 0, false, [], false, 0, [], null, 0, 1598054862.4626157, 0, {}]
[{"0": [2, 3, 1, 2, 0, 2, 1, 1, 1, 0, 3, 1, 2, 3, 0, 1, 1, 3, 0, 4, 0, 4, 1, 1, 0, 1, 2, 0, 1, 4, 1, 0, 0, 1, 0, 1, 1, 1, 2, 2, 2, 2, 2, 0, 1, 2, 1, 0, 0, 3, 3, 0, 3, 3, 1, 0, 3, 1, 0, 2]}, null, null, 0, false, [], false, 0, [], null, 0, 1598054892.471763, 0, {}]
[{"0": [0, 1, 0, 1, 2, 0, 2, 3, 2, 0, 1, 2, 1, 2, 1, 1, 1, 2, 1, 1, 1, 0, 3, 3, 3, 2, 0, 1, 2, 0, 0, 1, 0, 2, 0, 3, 0, 1, 2, 0, 0, 1, 0, 2, 0, 0, 1, 1, 4, 1, 0, 1, 1, 1, 2, 2, 1, 1, 1, 2]}, null, null, 0, false, [], false, 0, [], null, 0, 1598054922.3549778, 0, {}]
[{"0": [2, 2, 4, 0, 0, 0, 2, 1, 0, 1, 1, 0, 1, 1, 3, 2, 1, 2, 1, 0, 3, 3, 1, 3, 1, 1, 2, 1, 2, 0, 0, 0, 3, 2, 0, 2, 1, 1, 0, 1, 2, 0, 1, 0, 1, 0, 1, 1, 0, 1, 2, 2, 2, 0, 2, 0, 3, 0, 1, 2]}, null, null, 0, false, [], false, 0, [], null, 0, 1598054952.2788239, 0, {}]
[{"0": [0, 6, 0, 2, 1, 2, 1, 3, 1, 1, 0, 1, 3, 2, 1, 2, 0, 0, 1, 1, 2, 1, 0, 3, 4, 2, 1, 3, 1, 4, 1, 1, 3, 2, 0, 0, 1, 3, 0, 2, 2, 2, 2, 0, 2, 2, 1, 4, 2, 1, 1, 1, 2, 2, 3, 0, 1, 2, 3, 2]}, null, null, 0, false, [], false, 0, [], null, 0, 1598054982.2825437, 0, {}]
[{"0": [1, 2, 1, 2, 2, 1, 0, 1, 1, 1, 2, 3, 0, 1, 2, 0, 2, 1, 3, 0, 0, 2, 1, 2, 1, 0, 1, 3, 3, 0, 0, 0, 0, 2, 1, 1, 0, 0, 1, 0, 1, 1, 1, 2, 1, 2, 2, 0, 2, 1, 2, 3, 1, 0, 2, 0, 0, 0, 2, 0]}, null, null, 0, false, [], false, 0, [], null, 0, 1598055012.302221, 0, {}]
[{"0": [1, 3, 1, 0, 3, 2, 1, 2, 1, 1, 1, 2, 2, 1, 1, 2, 2, 1, 1, 1, 0, 1, 1, 0, 0, 1, 5, 3, 2, 2, 2, 2, 3, 2, 0, 0, 0, 1, 0, 1, 2, 0, 0, 0, 3, 4, 1, 1, 3, 1, 1, 0, 1, 3, 1, 1, 1, 0, 3, 0]}, null, null, 0, false, [], false, 0, [], null, 0, 1598055042.3089745, 0, {}]
[{"0": [1, 0, 2, 2, 2, 0, 0, 4, 1, 1, 4, 1, 0, 1, 0, 3, 4, 2, 3, 2, 0, 1, 1, 2, 2, 2, 1, 0, 1, 1, 1, 1, 1, 2, 2, 0, 1, 1, 2, 2, 1, 5, 1, 2, 1, 3, 2, 2, 1, 3, 3, 2, 0, 3, 1, 4, 1, 1, 1, 1]}, null, null, 0, false, [], false, 0, [], null, 0, 1598055072.3101985, 0, {}]
[{"0": [2, 2, 0, 2, 1, 1, 1, 0, 1, 1, 0, 2, 1, 1, 0, 2, 0, 1, 2, 2, 1, 2, 1, 0, 0, 3, 2, 1, 2, 1, 0, 1, 1, 2, 1, 3, 1, 0, 1, 2, 1, 0, 0, 0, 0, 4, 1, 0, 2, 3, 2, 1, 1, 2, 1, 2, 1, 1, 3, 0]}, null, null, 0, false, [], false, 0, [], null, 0, 1598055102.333724, 0, {}]
[{"0": [0, 1, 3, 4, 3, 1, 0, 0, 2, 2, 1, 0, 1, 0, 1, 1, 0, 1, 1, 2, 4, 3, 1, 0, 4, 1, 1, 1, 3, 1, 1, 2, 1, 0, 1, 3, 1, 0, 1, 0, 0, 1, 0, 2, 2, 0, 1, 0, 1, 0, 0, 3, 2, 0, 0, 1, 0, 0, 1, 1]}, null, null, 0, false, [], false, 0, [], null, 0, 1598055132.332138, 0, {}]
[{"0": [2, 1, 2, 1, 5, 1, 1, 2, 0, 0, 2, 1, 2, 1, 3, 3, 2, 0, 2, 1, 2, 0, 2, 0, 0, 0, 1, 1, 0, 1, 2, 0, 3, 0, 3, 0, 1, 2, 0, 2, 1, 4, 0, 1, 2, 2, 0, 0, 5, 0, 0, 1, 0, 3, 0, 0, 0, 0, 0, 3]}, null, null, 0, false, [], false, 0, [], null, 0, 1598055162.3395545, 0, {}]
[{"0": [0, 1, 2, 0, 1, 2, 1, 1, 0, 1, 2, 1, 0, 1, 1, 0, 0, 1, 2, 3, 0, 1, 1, 1, 0, 2, 2, 1, 2, 2, 1, 0, 1, 1, 1, 3, 0, 3, 3, 2, 1, 2, 1, 0, 0, 3, 0, 4, 1, 2, 1, 0, 1, 3, 1, 2, 2, 1, 3, 2]}, null, null, 0, false, [], false, 0, [], null, 0, 1598055192.3578985, 0, {}]
[{"0": [0, 0, 2, 1, 1, 2, 3, 1, 0, 1, 2, 1, 0, 0, 0, 0, 0, 1, 1, 0, 3, 2, 1, 2, 0, 3, 2, 0, 3, 0, 4, 1, 0, 1, 1, 1, 2, 1, 3, 0, 0, 1, 1, 3, 1, 1, 1, 2, 0, 1, 0, 1, 0, 3, 2, 1, 1, 1, 1, 1]}, null, null, 0, false, [], false, 0, [], null, 0, 1598055222.3676507, 0, {}]
[{"0": [1, 2, 2, 1, 1, 1, 2, 1, 2, 2, 1, 0, 0, 3, 0, 3, 0, 1, 2, 1, 1, 2, 1, 2, 0, 4, 1, 1, 1, 3, 0, 3, 0, 0, 0, 2, 0, 0, 0, 1, 0, 4, 0, 2, 2, 2, 1, 2, 1, 1, 1, 0, 3, 2, 2, 2, 0, 0, 2, 1]}, null, null, 0, false, [], false, 0, [], null, 0, 1598055252.3773537, 0, {}]
[{"0": [0, 3, 2, 1, 0, 0, 1, 1, 0, 2, 1, 2, 0, 1, 4, 4, 2, 2, 2, 2, 0, 1, 4, 1, 0, 2, 2, 2, 0, 1, 1, 2, 1, 1, 4, 0, 1, 0, 2, 4, 0, 3, 0, 3, 1, 0, 2, 1, 0, 1, 4, 1, 0, 3, 1, 0, 0, 1, 2, 0]}, null, null, 0, false, [], false, 0, [], null, 0, 1598055283.3645284, 0, {}]
[{"0": [1, 0, 1, 0, 2, 2, 0, 4, 4, 2, 0, 1, 1, 0, 1, 1, 0, 4, 1, 2, 1, 2, 1, 1, 2, 0, 2, 2, 3, 0, 2, 2, 1, 1, 1, 2, 1, 0, 2, 0, 1, 2, 3, 1, 1, 1, 0, 0, 1, 2, 1, 3, 2, 0, 1, 0, 1, 2, 4, 1]}, null, null, 0, false, [], false, 0, [], null, 0, 1598055312.105133, 0, {}]
[{"0": [2, 0, 2, 2, 0, 3, 1, 2, 2, 4, 3, 1, 0, 0, 0, 2, 4, 0, 1, 1, 1, 2, 4, 2, 1, 3, 3, 0, 0, 1, 1, 3, 1, 0, 0, 3, 1, 1, 1, 1, 1, 5, 4, 0, 1, 3, 1, 2, 0, 0, 2, 1, 4, 1, 4, 1, 0, 3, 1, 2]}, null, null, 0, false, [], false, 0, [], null, 0, 1598055341.1749868, 0, {}]
[{"0": [2, 1, 2, 0, 1, 2, 0, 3, 2, 1, 3, 0, 1, 2, 2, 2, 2, 3, 1, 0, 3, 1, 1, 1, 0, 1, 0, 2, 3, 0, 2, 0, 2, 2, 0, 1, 0, 3, 5, 2, 2, 4, 3, 1, 4, 1, 1, 0, 5, 1, 4, 1, 1, 0, 1, 3, 1, 1, 2, 1]}, null, null, 0, false, [], false, 0, [], null, 0, 1598055373.0911083, 0, {}]
[{"0": [1, 1, 2, 1, 2, 0, 1, 0, 0, 2, 1, 0, 1, 0, 0, 1, 0, 0, 2, 4, 1, 0, 0, 2, 1, 1, 2, 0, 0, 0, 1, 2, 1, 1, 1, 3, 1, 0, 1, 1, 0, 1, 1, 2, 0, 0, 3, 0, 1, 3, 1, 1, 0, 2, 4, 0, 1, 2, 1, 0]}, null, null, 0, false, [], false, 0, [], null, 0, 1598055401.3078864, 0, {}]
[{"0": [2, 0, 2, 2, 2, 0, 0, 2, 1, 0, 0, 0, 1, 1, 1, 2, 2, 1, 2, 2, 2, 3, 2, 1, 0, 1, 1, 3, 3, 1, 1, 0, 1, 1, 0, 3, 0, 3, 0, 0, 1, 1, 1, 0, 1, 0, 3, 3, 2, 3, 2, 2, 0, 0, 0, 1, 2, 1, 1, 1]}, null, null, 0, false, [], false, 0, [], null, 0, 1598055432.5988398, 0, {}]
[{"0": [1, 2, 0, 2, 3, 2, 0, 2, 2, 2, 3, 1, 1, 3, 2, 7, 2, 0, 2, 0, 0, 0, 4, 2, 3, 0, 1, 2, 0, 1, 2, 2, 5, 1, 1, 3, 1, 1, 0, 1, 1, 2, 0, 4, 1, 0, 0, 3, 0, 2, 1, 4, 1, 0, 1, 0, 2, 0, 1, 1]}, null, null, 0, false, [], false, 0, [], null, 0, 1598055465.7556634, 0, {}]
[{"0": [2, 0, 3, 1, 0, 1, 3, 0, 9, 3, 1, 0, 2, 0, 2, 0, 1, 2, 1, 3, 1, 1, 3, 2, 2, 6, 3, 3, 0, 1, 0, 2, 4, 0, 2, 2, 0, 0, 1, 2, 1, 0, 1, 2, 0, 1, 0, 0, 6, 2, 3, 0, 3, 1, 0, 2, 1, 0, 0, 1]}, null, null, 0, false, [], false, 0, [], null, 0, 1598055490.1336539, 0, {}]
[{"0": [0, 1, 2, 0, 2, 2, 0, 1, 1, 2, 3, 0, 3, 1, 1, 3, 3, 1, 0, 1, 1, 3, 4, 0, 1, 1, 1, 2, 3, 1, 2, 1, 0, 1, 2, 1, 0, 1, 1, 2, 0, 1, 0, 2, 3, 1, 0, 1, 2, 1, 3, 1, 1, 2, 0, 1, 0, 4, 3, 0]}, null, null, 0, false, [], false, 0, [], null, 0, 1598055517.1911306, 0, {}]
[{"0": [1, 2, 0, 2, 0, 0, 2, 7, 0, 0, 1, 1, 1, 3, 1, 0, 1, 1, 2, 1, 1, 2, 1, 1, 0, 2, 1, 0, 1, 2, 1, 2, 0, 3, 2, 0, 2, 1, 1, 2, 4, 0, 0, 0, 1, 0, 2, 0, 3, 2, 2, 4, 2, 0, 2, 1, 1, 2, 1, 1]}, null, null, 0, false, [], false, 0, [], null, 0, 1598055552.5880718, 0, {}]
[{"0": [0, 2, 2, 1, 2, 2, 3, 0, 2, 5, 0, 2, 3, 0, 0, 2, 1, 0, 0, 1, 1, 1, 2, 3, 1, 2, 1, 0, 1, 0, 1, 0, 1, 1, 1, 2, 4, 1, 1, 1, 1, 1, 1, 2, 1, 2, 0, 2, 0, 2, 2, 1, 2, 1, 0, 2, 0, 3, 3, 3]}, null, null, 0, false, [], false, 0, [], null, 0, 1598055582.6048632, 0, {}]
[{"0": [0, 2, 1, 1, 3, 4, 0, 1, 2, 2, 0, 1, 1, 4, 2, 0, 1, 2, 1, 3, 1, 5, 2, 1, 3, 1, 2, 0, 1, 3, 1, 0, 0, 2, 3, 2, 4, 3, 0, 2, 0, 0, 0, 0, 3, 3, 3, 1, 2, 0, 1, 1, 1, 4, 1, 2, 2, 2, 0, 0]}, null, null, 0, false, [], false, 0, [], null, 0, 1598055612.6083243, 0, {}]
[{"0": [2, 2, 0, 1, 1, 3, 2, 0, 2, 1, 1, 3, 2, 2, 3, 1, 0, 4, 2, 1, 2, 0, 0, 0, 0, 2, 0, 1, 0, 1, 2, 1, 4, 1, 2, 1, 3, 2, 1, 2, 1, 0, 1, 0, 3, 0, 1, 1, 3, 0, 1, 2, 1, 3, 3, 1, 0, 2, 1, 1]}, null, null, 0, false, [], false, 0, [], null, 0, 1598055642.6284626, 0, {}]
[{"0": [1, 2, 3, 1, 4, 1, 2, 2, 2, 0, 0, 1, 1, 2, 1, 0, 1, 1, 1, 2, 1, 3, 2, 0, 2, 2, 1, 2, 1, 2, 0, 0, 1, 3, 2, 2, 1, 1, 0, 1, 0, 2, 1, 2, 0, 3, 2, 0, 2, 0, 0, 1, 0, 0, 2, 0, 1, 3, 0, 1]}, null, null, 0, false, [], false, 0, [], null, 0, 1598055672.6227572, 0, {}]
[{"0": [1, 0, 5, 1, 2, 2, 1, 3, 2, 1, 0, 1, 4, 1, 1, 1, 3, 0, 3, 2, 0, 3, 1, 1, 1, 0, 0, 0, 0, 1, 2, 1, 3, 1, 0, 2, 2, 2, 3, 1, 0, 1, 1, 1, 0, 2, 0, 2, 0, 0, 2, 3, 1, 0, 0, 1, 1, 0, 0, 1]}, null, null, 0, false, [], false, 0, [], null, 0, 1598055702.672369, 0, {}]
[{"0": [1, 3, 3, 0, 2, 2, 1, 3, 1, 1, 3, 3, 0, 1, 0, 0, 0, 0, 1, 2, 0, 1, 1, 0, 2, 1, 2, 2, 1, 0, 1, 2, 0, 3, 2, 1, 0, 0, 1, 3, 0, 0, 3, 2, 7, 0, 1, 5, 2, 0, 3, 3, 2, 2, 2, 1, 3, 0, 1, 0]}, null, null, 0, false, [], false, 0, [], null, 0, 1598055732.6720436, 0, {}]
[{"0": [8, 1, 1, 2, 2, 0, 0, 3, 1, 2, 0, 1, 3, 0, 2, 0, 2, 3, 0, 2, 1, 2, 1, 1, 0, 0, 0, 2, 2, 1, 0, 0, 1, 3, 2, 2, 1, 2, 2, 2, 1, 2, 2, 1, 1, 0, 3, 3, 1, 0, 0, 1, 1, 1, 0, 1, 2, 1, 1, 2]}, null, null, 0, false, [], false, 0, [], null, 0, 1598055762.6789885, 0, {}]
[{"0": [1, 0, 1, 5, 2, 3, 1, 1, 1, 1, 6, 1, 0, 2, 0, 0, 2, 0, 2, 0, 1, 2, 2, 0, 4, 0, 3, 0, 1, 1, 0, 0, 2, 0, 3, 0, 2, 2, 0, 3, 0, 1, 1, 0, 0, 1, 2, 0, 0, 2, 1, 1, 0, 2, 3, 1, 1, 1, 4, 0]}, null, null, 0, false, [], false, 0, [], null, 0, 1598055792.6892142, 0, {}]
[{"0": [2, 1, 1, 1, 1, 0, 0, 1, 1, 3, 1, 0, 1, 1, 1, 3, 3, 3, 1, 1, 1, 2, 0, 1, 2, 2, 0, 7, 0, 3, 4, 2, 2, 1, 1, 3, 1, 1, 5, 0, 0, 0, 2, 2, 0, 0, 2, 2, 1, 1, 0, 1, 0, 1, 1, 1, 2, 0, 0, 1]}, null, null, 0, false, [], false, 0, [], null, 0, 1598055822.7032995, 0, {}]
[{"0": [0, 0, 1, 2, 1, 2, 0, 0, 1, 0, 1, 3, 0, 0, 1, 1, 1, 1, 2, 2, 2, 1, 0, 3, 1, 2, 2, 1, 3, 6, 2, 3, 1, 1, 1, 2, 1, 2, 0, 1, 0, 1, 4, 1, 1, 3, 1, 2, 0, 2, 0, 1, 2, 0, 0, 0, 2, 1, 4, 0]}, null, null, 0, false, [], false, 0, [], null, 0, 1598055852.6857123, 0, {}]
[{"0": [3, 1, 1, 2, 1, 0, 1, 1, 0, 5, 3, 1, 1, 2, 0, 1, 1, 2, 0, 2, 1, 1, 1, 3, 1, 1, 1, 3, 0, 3, 3, 1, 0, 1, 2, 2, 2, 0, 3, 2, 2, 1, 3, 2, 3, 0, 0, 3, 0, 2, 0, 4, 2, 0, 1, 0, 0, 1, 1, 0]}, null, null, 0, false, [], false, 0, [], null, 0, 1598055882.7115762, 0, {}]
[{"0": [1, 0, 0, 2, 1, 0, 2, 1, 3, 1, 2, 2, 3, 2, 1, 4, 0, 2, 1, 0, 2, 1, 1, 0, 2, 2, 3, 0, 0, 1, 2, 2, 0, 3, 1, 1, 1, 0, 1, 0, 2, 1, 1, 0, 2, 2, 2, 2, 0, 3, 0, 2, 0, 1, 1, 0, 1, 1, 2, 0]}, null, null, 0, false, [], false, 0, [], null, 0, 1598055912.713977, 0, {}]
[{"0": [0, 0, 0, 4, 3, 0, 1, 1, 0, 1, 0, 1, 0, 1, 1, 1, 3, 2, 0, 1, 0, 2, 0, 0, 1, 1, 0, 1, 2, 1, 0, 2, 2, 2, 3, 0, 2, 0, 0, 2, 2, 0, 0, 1, 2, 3, 2, 0, 2, 3, 0, 1, 1, 3, 0, 1, 1, 1, 6, 2]}, null, null, 0, false, [], false, 0, [], null, 0, 1598055942.7373946, 0, {}]
[{"0": [3, 1, 0, 1, 1, 2, 1, 3, 0, 2, 3, 0, 3, 0, 1, 1, 1, 3, 0, 1, 3, 1, 1, 0, 2, 0, 0, 3, 2, 1, 0, 1, 2, 2, 1, 1, 1, 1, 2, 4, 1, 1, 1, 0, 2, 1, 1, 2, 2, 0, 1, 1, 3, 1, 2, 0, 0, 0, 0, 2]}, null, null, 0, false, [], false, 0, [], null, 0, 1598055972.7497458, 0, {}]
[{"0": [3, 1, 1, 1, 0, 1, 0, 2, 1, 1, 0, 1, 2, 1, 0, 3, 3, 1, 1, 3, 1, 1, 1, 3, 2, 0, 3, 3, 1, 1, 4, 2, 2, 1, 3, 3, 2, 3, 3, 0, 1, 0, 2, 1, 1, 0, 0, 1, 4, 1, 1, 2, 0, 1, 1, 0, 0, 2, 1, 0]}, null, null, 0, false, [], false, 0, [], null, 0, 1598056001.7196157, 0, {}]
[{"0": [0, 2, 5, 2, 0, 1, 2, 1, 0, 2, 0, 0, 0, 2, 3, 2, 1, 2, 1, 1, 2, 3, 3, 2, 1, 0, 1, 1, 4, 1, 0, 5, 0, 1, 1, 2, 1, 0, 1, 0, 2, 4, 1, 0, 2, 2, 1, 1, 2, 0, 2, 3, 1, 1, 0, 2, 0, 2, 2, 1]}, null, null, 0, false, [], false, 0, [], null, 0, 1598056034.6510983, 0, {}]
[{"0": [1, 0, 1, 0, 2, 1, 1, 1, 2, 0, 0, 3, 2, 0, 1, 2, 1, 1, 3, 2, 0, 0, 2, 0, 2, 1, 1, 2, 3, 0, 2, 2, 0, 3, 3, 1, 0, 0, 0, 2, 3, 1, 1, 2, 1, 1, 0, 2, 2, 0, 0, 1, 1, 1, 3, 3, 1, 1, 2, 1]}, null, null, 0, false, [], false, 0, [], null, 0, 1598056063.4243517, 0, {}]
[{"0": [3, 0, 0, 1, 2, 1, 1, 3, 1, 1, 1, 2, 2, 2, 1, 3, 0, 0, 1, 0, 3, 1, 1, 2, 0, 3, 2, 1, 1, 1, 0, 2, 3, 0, 2, 1, 2, 0, 1, 2, 1, 1, 1, 0, 1, 0, 3, 0, 1, 1, 0, 2, 1, 2, 0, 1, 0, 2, 1, 0]}, null, null, 0, false, [], false, 0, [], null, 0, 1598056089.8362584, 0, {}]
[{"0": [0, 2, 2, 2, 0, 2, 2, 2, 1, 2, 1, 4, 1, 0, 2, 1, 3, 0, 1, 2, 3, 2, 0, 0, 1, 1, 2, 3, 0, 1, 1, 3, 1, 2, 0, 0, 1, 1, 2, 2, 1, 1, 3, 0, 2, 1, 1, 2, 1, 0, 1, 2, 1, 2, 1, 1, 0, 0, 2, 3]}, null, null, 0, false, [], false, 0, [], null, 0, 1598056124.6155066, 0, {}]
[{"0": [0, 4, 1, 1, 0, 0, 2, 1, 1, 1, 1, 2, 1, 3, 2, 2, 5, 2, 2, 1, 1, 1, 2, 2, 1, 4, 2, 2, 1, 2, 0, 2, 2, 0, 1, 3, 1, 0, 4, 2, 1, 2, 0, 0, 1, 0, 2, 1, 1, 2, 3, 1, 1, 0, 0, 1, 3, 2, 2, 2]}, null, null, 0, false, [], false, 0, [], null, 0, 1598056155.017934, 0, {}]
[{"0": [0, 1, 1, 3, 1, 0, 1, 0, 2, 1, 2, 0, 2, 2, 2, 1, 4, 2, 2, 2, 3, 2, 1, 2, 1, 1, 0, 2, 2, 1, 1, 3, 0, 1, 6, 0, 2, 0, 1, 0, 1, 0, 0, 3, 0, 4, 1, 0, 1, 2, 2, 1, 2, 1, 1, 3, 0, 2, 3, 1]}, null, null, 0, false, [], false, 0, [], null, 0, 1598056179.1408308, 0, {}]
[{"0": [0, 0, 1, 3, 2, 1, 2, 1, 3, 1, 2, 1, 0, 2, 0, 3, 1, 3, 1, 1, 0, 0, 0, 2, 3, 2, 2, 2, 2, 1, 2, 0, 1, 2, 1, 2, 2, 3, 0, 0, 0, 2, 0, 2, 1, 0, 3, 5, 0, 3, 0, 0, 2, 0, 1, 0, 2, 3, 0, 3]}, null, null, 0, false, [], false, 0, [], null, 0, 1598056209.5617802, 0, {}]
[{"0": [0, 1, 2, 0, 1, 1, 1, 1, 1, 1, 2, 2, 2, 1, 1, 1, 2, 1, 2, 2, 1, 0, 3, 0, 1, 2, 1, 0, 0, 0, 0, 1, 3, 2, 1, 0, 3, 2, 1, 4, 1, 1, 1, 1, 1, 1, 1, 2, 1, 2, 1, 0, 3, 2, 1, 0, 1, 0, 0, 0]}, null, null, 0, false, [], false, 0, [], null, 0, 1598056246.5530674, 0, {}]
[{"0": [3, 0, 2, 0, 0, 0, 3, 2, 1, 2, 1, 2, 2, 2, 0, 2, 2, 3, 1, 2, 0, 1, 0, 2, 2, 0, 1, 2, 5, 2, 0, 0, 1, 1, 2, 1, 4, 2, 0, 4, 2, 3, 0, 2, 3, 1, 2, 1, 3, 3, 1, 3, 1, 0, 4, 0, 1, 0, 2, 0]}, null, null, 0, false, [], false, 0, [], null, 0, 1598056275.167178, 0, {}]
[{"0": [0, 2, 2, 2, 2, 1, 2, 1, 3, 2, 0, 0, 4, 3, 2, 0, 1, 0, 0, 2, 1, 2, 1, 0, 4, 2, 2, 2, 0, 0, 1, 2, 1, 2, 3, 3, 0, 3, 2, 0, 1, 2, 3, 2, 3, 0, 2, 1, 1, 2, 2, 1, 1, 2, 2, 0, 1, 1, 1, 0]}, null, null, 0, false, [], false, 0, [], null, 0, 1598056297.896239, 0, {}]
[{"0": [4, 1, 2, 1, 2, 1, 1, 0, 1, 3, 3, 1, 2, 3, 2, 2, 0, 2, 2, 6, 0, 2, 2, 1, 0, 3, 0, 3, 1, 3, 1, 1, 0, 1, 0, 3, 0, 1, 2, 0, 1, 1, 3, 1, 0, 3, 0, 3, 0, 1, 1, 1, 0, 3, 0, 1, 1, 1, 2, 0]}, null, null, 0, false, [], false, 0, [], null, 0, 1598056326.5407686, 0, {}]
[{"0": [0, 1, 1, 2, 3, 0, 0, 2, 2, 2, 3, 1, 1, 0, 1, 1, 0, 0, 0, 1, 1, 2, 1, 2, 0, 0, 2, 1, 2, 0, 0, 3, 1, 2, 2, 1, 0, 0, 3, 1, 0, 2, 1, 0, 1, 4, 0, 0, 0, 2, 2, 2, 2, 3, 2, 1, 2, 0, 3, 2]}, null, null, 0, false, [], false, 0, [], null, 0, 1598056364.2118318, 0, {}]
[{"0": [6, 2, 1, 1, 0, 0, 1, 1, 1, 0, 1, 1, 0, 2, 2, 0, 1, 1, 2, 0, 1, 2, 1, 1, 3, 3, 2, 0, 0, 0, 1, 1, 0, 0, 2, 3, 0, 1, 2, 1, 0, 2, 1, 2, 1, 1, 2, 2, 4, 3, 2, 0, 1, 1, 2, 2, 1, 2, 1, 3]}, null, null, 0, false, [], false, 0, [], null, 0, 1598056397.1246707, 0, {}]
[{"0": [1, 1, 0, 0, 3, 3, 2, 1, 1, 1, 2, 0, 1, 1, 2, 0, 2, 3, 0, 2, 0, 1, 1, 2, 1, 3, 1, 4, 1, 4, 4, 0, 1, 0, 2, 2, 1, 0, 1, 2, 1, 2, 3, 2, 0, 0, 2, 4, 1, 2, 1, 1, 3, 0, 1, 0, 0, 1, 0, 2]}, null, null, 0, false, [], false, 0, [], null, 0, 1598056421.3590062, 0, {}]
[{"0": [0, 1, 0, 2, 2, 4, 2, 2, 1, 0, 3, 1, 1, 0, 1, 1, 0, 0, 7, 1, 1, 0, 0, 0, 1, 2, 0, 4, 2, 1, 2, 1, 3, 2, 1, 2, 0, 3, 0, 1, 2, 1, 1, 2, 1, 0, 1, 2, 0, 1, 2, 0, 0, 4, 0, 1, 1, 1, 4, 0]}, null, null, 0, false, [], false, 0, [], null, 0, 1598056448.3299177, 0, {}]
[{"0": [2, 3, 1, 2, 1, 1, 1, 0, 3, 0, 1, 2, 0, 1, 0, 2, 0, 0, 0, 2, 4, 1, 3, 0, 0, 4, 2, 2, 1, 2, 1, 2, 0, 3, 1, 1, 0, 2, 3, 8, 1, 1, 1, 3, 3, 1, 0, 3, 1, 0, 0, 1, 2, 1, 1, 1, 2, 0, 2, 1]}, null, null, 0, false, [], false, 0, [], null, 0, 1598056483.8112116, 0, {}]
[{"0": [0, 1, 1, 2, 0, 2, 2, 0, 2, 2, 3, 2, 1, 1, 4, 2, 2, 2, 1, 3, 2, 1, 1, 4, 1, 1, 1, 1, 2, 0, 2, 3, 4, 1, 1, 1, 2, 1, 1, 3, 1, 0, 1, 3, 0, 2, 0, 1, 3, 1, 1, 2, 1, 2, 1, 3, 1, 2, 0, 2]}, null, null, 0, false, [], false, 0, [], null, 0, 1598056514.8024545, 0, {}]
[{"0": [3, 2, 2, 0, 1, 0, 1, 1, 2, 0, 1, 5, 4, 1, 1, 0, 1, 0, 1, 0, 3, 1, 1, 2, 1, 0, 1, 2, 2, 1, 1, 2, 0, 2, 0, 0, 2, 0, 1, 0, 1, 0, 0, 1, 1, 2, 0, 1, 1, 0, 1, 2, 1, 0, 6, 2, 0, 0, 1, 1]}, null, null, 0, false, [], false, 0, [], null, 0, 1598056539.417934, 0, {}]
[{"0": [1, 2, 3, 1, 1, 1, 1, 0, 1, 1, 3, 0, 2, 0, 2, 5, 0, 1, 1, 2, 2, 1, 2, 1, 1, 0, 2, 0, 0, 0, 2, 2, 0, 4, 3, 1, 1, 0, 1, 1, 1, 1, 1, 1, 0, 2, 2, 1, 1, 1, 2, 1, 1, 1, 2, 2, 0, 0, 3, 2]}, null, null, 0, false, [], false, 0, [], null, 0, 1598056570.4780917, 0, {}]
[{"0": [0, 1, 0, 1, 2, 2, 2, 1, 2, 0, 1, 2, 3, 0, 0, 2, 0, 2, 2, 2, 1, 1, 0, 1, 0, 3, 1, 3, 0, 2, 1, 0, 2, 1, 0, 1, 0, 0, 2, 0, 0, 2, 0, 1, 1, 3, 0, 2, 2, 1, 0, 0, 2, 0, 3, 1, 1, 2, 2, 2]}, null, null, 0, false, [], false, 0, [], null, 0, 1598056608.204295, 0, {}]
[{"0": [2, 3, 4, 2, 0, 1, 1, 2, 1, 1, 0, 0, 0, 0, 1, 1, 2, 1, 2, 0, 0, 2, 2, 0, 2, 0, 1, 0, 1, 0, 2, 2, 1, 1, 3, 2, 1, 0, 1, 0, 2, 1, 0, 3, 1, 0, 1, 0, 3, 3, 2, 1, 2, 1, 1, 1, 1, 2, 1, 3]}, null, null, 0, false, [], false, 0, [], null, 0, 1598056637.3413064, 0, {}]
[{"0": [0, 0, 1, 0, 1, 2, 3, 0, 1, 3, 1, 4, 1, 1, 0, 1, 0, 0, 2, 0, 1, 1, 3, 3, 0, 2, 0, 3, 1, 1, 1, 2, 1, 1, 3, 2, 3, 0, 2, 0, 3, 0, 2, 3, 3, 2, 1, 2, 3, 4, 0, 2, 1, 2, 2, 0, 1, 1, 4, 3]}, null, null, 0, false, [], false, 0, [], null, 0, 1598056660.5181074, 0, {}]
[{"0": [2, 2, 0, 2, 2, 3, 1, 2, 0, 1, 1, 2, 0, 0, 1, 2, 2, 3, 3, 1, 3, 1, 1, 2, 1, 2, 1, 1, 1, 0, 3, 0, 0, 0, 1, 2, 1, 2, 0, 1, 0, 0, 1, 1, 0, 0, 1, 0, 0, 3, 2, 0, 2, 1, 1, 4, 1, 2, 2, 1]}, null, null, 0, false, [], false, 0, [], null, 0, 1598056689.7558367, 0, {}]
[{"0": [2, 0, 3, 1, 1, 0, 1, 5, 2, 0, 1, 0, 0, 2, 0, 1, 0, 1, 0, 1, 1, 1, 0, 1, 1, 0, 2, 1, 1, 1, 1, 0, 0, 3, 0, 1, 2, 0, 2, 3, 2, 3, 4, 2, 1, 1, 2, 2, 1, 2, 1, 0, 1, 0, 2, 1, 3, 0, 3, 4]}, null, null, 0, false, [], false, 0, [], null, 0, 1598056725.2731066, 0, {}]
[{"0": [3, 1, 2, 4, 2, 5, 0, 1, 2, 3, 1, 1, 3, 2, 3, 1, 1, 0, 0, 0, 1, 2, 1, 1, 2, 2, 4, 0, 0, 4, 0, 0, 1, 1, 2, 0, 1, 0, 3, 1, 2, 1, 1, 1, 1, 0, 2, 1, 2, 2, 1, 3, 0, 4, 1, 0, 1, 2, 1, 4]}, null, null, 0, false, [], false, 0, [], null, 0, 1598056753.135845, 0, {}]
[{"0": [3, 0, 0, 0, 2, 1, 1, 0, 2, 1, 1, 2, 1, 1, 2, 2, 0, 0, 2, 3, 0, 1, 1, 0, 1, 5, 0, 3, 0, 4, 0, 1, 0, 3, 0, 0, 2, 1, 1, 3, 0, 1, 1, 0, 0, 2, 1, 2, 2, 1, 1, 0, 2, 3, 0, 1, 4, 1, 0, 0]}, null, null, 0, false, [], false, 0, [], null, 0, 1598056783.1558743, 0, {}]
[{"0": [5, 3, 0, 1, 2, 1, 3, 0, 0, 3, 1, 0, 1, 1, 0, 1, 2, 0, 1, 1, 1, 0, 2, 5, 2, 0, 2, 1, 3, 3, 0, 1, 0, 1, 0, 0, 2, 1, 0, 2, 1, 2, 1, 1, 1, 2, 4, 1, 1, 1, 1, 2, 2, 0, 1, 4, 3, 3, 0, 1]}, null, null, 0, false, [], false, 0, [], null, 0, 1598056813.1672559, 0, {}]
[{"0": [1, 1, 1, 2, 1, 2, 3, 1, 0, 2, 1, 1, 2, 1, 0, 2, 2, 1, 0, 1, 0, 0, 1, 2, 2, 1, 2, 3, 0, 0, 0, 1, 2, 2, 0, 1, 0, 1, 2, 2, 0, 0, 0, 1, 1, 1, 0, 1, 1, 3, 1, 0, 0, 0, 1, 1, 2, 4, 2, 2]}, null, null, 0, false, [], false, 0, [], null, 0, 1598056843.163717, 0, {}]
[{"0": [0, 1, 1, 0, 1, 0, 2, 0, 0, 0, 1, 2, 3, 5, 2, 0, 4, 0, 3, 1, 0, 1, 1, 1, 0, 4, 1, 2, 1, 1, 2, 2, 1, 1, 2, 0, 0, 0, 1, 2, 1, 4, 2, 0, 2, 2, 1, 0, 0, 1, 1, 1, 0, 0, 5, 1, 1, 0, 1, 2]}, null, null, 0, false, [], false, 0, [], null, 0, 1598056873.1779768, 0, {}]
[{"0": [0, 0, 2, 2, 1, 0, 1, 0, 1, 2, 0, 1, 1, 3, 1, 0, 1, 1, 4, 1, 2, 0, 1, 0, 2, 2, 2, 3, 2, 2, 2, 2, 1, 1, 1, 0, 2, 2, 2, 2, 2, 3, 1, 3, 1, 1, 1, 2, 0, 1, 2, 1, 1, 1, 1, 1, 1, 0, 4, 1]}, null, null, 0, false, [], false, 0, [], null, 0, 1598056903.2049322, 0, {}]
[{"0": [3, 1, 0, 2, 3, 3, 1, 1, 2, 2, 4, 1, 2, 3, 0, 1, 1, 1, 0, 1, 1, 1, 2, 1, 2, 1, 3, 1, 1, 1, 1, 0, 0, 1, 2, 2, 2, 0, 0, 1, 1, 2, 0, 0, 1, 0, 0, 2, 2, 0, 1, 1, 0, 0, 0, 1, 0, 1, 2, 0]}, null, null, 0, false, [], false, 0, [], null, 0, 1598056933.1941395, 0, {}]
[{"0": [2, 1, 0, 1, 2, 2, 2, 2, 2, 0, 0, 0, 6, 3, 1, 3, 1, 1, 1, 2, 0, 2, 0, 2, 5, 1, 1, 2, 1, 0, 2, 2, 2, 2, 2, 1, 1, 1, 3, 4, 2, 3, 1, 1, 0, 1, 2, 3, 1, 0, 2, 0, 1, 2, 0, 2, 1, 0, 0, 0]}, null, null, 0, false, [], false, 0, [], null, 0, 1598056963.2131438, 0, {}]
[{"0": [0, 2, 2, 2, 1, 2, 1, 2, 1, 0, 0, 1, 0, 1, 2, 1, 0, 1, 1, 2, 0, 2, 3, 2, 1, 0, 0, 3, 1, 1, 0, 2, 0, 0, 0, 4, 3, 0, 1, 5, 2, 1, 2, 1, 2, 4, 2, 3, 1, 2, 2, 2, 2, 0, 1, 1, 0, 1, 2, 1]}, null, null, 0, false, [], false, 0, [], null, 0, 1598056993.2204654, 0, {}]
[{"0": [1, 1, 2, 1, 2, 1, 1, 3, 6, 4, 0, 1, 1, 0, 2, 2, 0, 2, 1, 1, 1, 1, 2, 2, 1, 4, 1, 3, 0, 2, 2, 1, 3, 1, 2, 3, 0, 0, 1, 3, 1, 3, 0, 0, 3, 0, 0, 0, 1, 3, 0, 5, 0, 1, 0, 3, 2, 1, 2, 1]}, null, null, 0, false, [], false, 0, [], null, 0, 1598057023.225649, 0, {}]
[{"0": [0, 0, 1, 0, 2, 2, 0, 0, 2, 1, 1, 2, 0, 3, 3, 1, 2, 1, 1, 2, 2, 2, 1, 0, 0, 5, 1, 0, 0, 4, 4, 0, 1, 1, 4, 0, 1, 2, 1, 2, 2, 0, 0, 2, 1, 0, 0, 1, 2, 0, 1, 3, 1, 1, 0, 5, 1, 1, 1, 1]}, null, null, 0, false, [], false, 0, [], null, 0, 1598057053.2412813, 0, {}]
[{"0": [0, 2, 2, 1, 2, 1, 3, 2, 2, 0, 2, 2, 1, 2, 1, 0, 0, 1, 1, 0, 2, 0, 1, 0, 3, 0, 1, 2, 1, 0, 1, 0, 2, 1, 1, 2, 0, 0, 2, 1, 0, 2, 0, 1, 1, 1, 1, 0, 0, 0, 2, 2, 3, 1, 3, 2, 3, 1, 1, 0]}, null, null, 0, false, [], false, 0, [], null, 0, 1598057083.2556736, 0, {}]
[{"0": [1, 0, 1, 1, 1, 0, 1, 0, 1, 0, 1, 1, 0, 2, 2, 2, 0, 0, 0, 0, 3, 1, 0, 1, 2, 2, 4, 1, 0, 0, 1, 0, 0, 0, 1, 2, 1, 1, 1, 2, 2, 1, 1, 0, 2, 1, 2, 1, 0, 0, 1, 1, 1, 1, 0, 1, 0, 0, 0, 4]}, null, null, 0, false, [], false, 0, [], null, 0, 1598057113.2611718, 0, {}]
[{"0": [1, 1, 1, 2, 0, 2, 1, 5, 0, 1, 0, 1, 2, 3, 2, 1, 0, 1, 2, 2, 5, 1, 0, 1, 1, 2, 2, 1, 2, 1, 1, 1, 0, 1, 1, 1, 3, 2, 5, 1, 3, 2, 2, 1, 1, 0, 1, 1, 0, 0, 0, 2, 0, 3, 2, 1, 0, 1, 0, 1]}, null, null, 0, false, [], false, 0, [], null, 0, 1598057143.2609456, 0, {}]
[{"0": [2, 1, 3, 2, 1, 2, 3, 4, 2, 1, 2, 1, 2, 2, 1, 3, 4, 0, 1, 0, 0, 1, 0, 0, 1, 1, 2, 4, 1, 0, 0, 0, 1, 1, 4, 1, 2, 3, 3, 0, 2, 0, 1, 2, 1, 0, 3, 0, 1, 0, 0, 2, 2, 2, 1, 0, 1, 0, 1, 1]}, null, null, 0, false, [], false, 0, [], null, 0, 1598057173.2748106, 0, {}]
[{"0": [1, 3, 1, 3, 0, 2, 0, 1, 1, 1, 4, 3, 1, 1, 2, 1, 0, 5, 0, 1, 2, 2, 0, 0, 1, 0, 1, 3, 1, 2, 2, 0, 0, 2, 2, 0, 2, 2, 2, 1, 0, 2, 1, 0, 0, 1, 1, 3, 2, 2, 0, 2, 3, 1, 2, 1, 1, 0, 0, 2]}, null, null, 0, false, [], false, 0, [], null, 0, 1598057203.2947688, 0, {}]
[{"0": [2, 2, 2, 2, 1, 0, 2, 2, 1, 3, 1, 0, 1, 1, 1, 0, 1, 1, 3, 1, 2, 2, 1, 0, 0, 0, 1, 0, 1, 1, 2, 0, 3, 1, 0, 2, 2, 1, 3, 2, 3, 3, 2, 4, 0, 1, 0, 2, 2, 2, 0, 2, 1, 2, 1, 4, 2, 3, 0, 3]}, null, null, 0, false, [], false, 0, [], null, 0, 1598057233.1168127, 0, {}]
[{"0": [2, 0, 1, 0, 1, 2, 2, 2, 0, 0, 0, 1, 2, 4, 1, 1, 4, 0, 0, 1, 3, 2, 0, 3, 3, 0, 4, 3, 1, 0, 2, 2, 1, 1, 1, 1, 2, 3, 3, 2, 0, 0, 0, 0, 1, 0, 1, 3, 2, 2, 2, 3, 2, 1, 3, 0, 2, 4, 0, 3]}, null, null, 0, false, [], false, 0, [], null, 0, 1598057263.099296, 0, {}]
[{"0": [1, 0, 2, 0, 3, 1, 6, 1, 0, 1, 0, 3, 1, 0, 1, 0, 0, 1, 4, 1, 4, 1, 2, 2, 1, 1, 2, 2, 3, 1, 2, 1, 0, 1, 2, 3, 1, 2, 0, 1, 0, 3, 0, 1, 3, 3, 3, 1, 0, 0, 1, 3, 2, 1, 0, 3, 0, 1, 4, 2]}, null, null, 0, false, [], false, 0, [], null, 0, 1598057293.1022382, 0, {}]
[{"0": [5, 2, 0, 0, 2, 2, 2, 1, 0, 3, 0, 1, 2, 2, 0, 0, 0, 1, 2, 1, 2, 1, 1, 1, 1, 2, 0, 1, 1, 2, 0, 1, 1, 0, 2, 2, 3, 3, 1, 1, 0, 2, 0, 2, 2, 0, 2, 1, 1, 2, 3, 2, 0, 0, 1, 2, 0, 1, 1, 1]}, null, null, 0, false, [], false, 0, [], null, 0, 1598057323.1181793, 0, {}]
[{"0": [0, 0, 1, 1, 1, 2, 1, 0, 1, 2, 3, 1, 1, 1, 0, 1, 0, 3, 3, 1, 1, 2, 0, 1, 1, 0, 0, 1, 1, 0, 1, 2, 2, 0, 0, 2, 1, 2, 0, 3, 2, 1, 2, 2, 1, 1, 3, 1, 2, 0, 0, 1, 2, 2, 0, 1, 0, 1, 0, 0]}, null, null, 0, false, [], false, 0, [], null, 0, 1598057352.1803353, 0, {}]
[{"0": [1, 0, 0, 3, 1, 1, 1, 1, 0, 2, 2, 2, 0, 1, 0, 0, 1, 1, 0, 0, 2, 2, 0, 1, 1, 1, 1, 0, 2, 1, 2, 4, 1, 2, 0, 1, 0, 3, 2, 2, 3, 1, 0, 3, 0, 1, 1, 1, 1, 2, 1, 1, 3, 2, 0, 0, 1, 0, 1, 4]}, null, null, 0, false, [], false, 0, [], null, 0, 1598057385.6230884, 0, {}]
[{"0": [1, 0, 0, 2, 3, 3, 2, 2, 0, 1, 1, 2, 2, 1, 3, 2, 2, 1, 1, 0, 1, 3, 0, 0, 0, 2, 2, 2, 1, 2, 2, 2, 1, 0, 0, 2, 1, 3, 3, 0, 2, 1, 2, 0, 3, 2, 0, 0, 1, 0, 2, 1, 2, 0, 0, 1, 0, 1, 3, 0]}, null, null, 0, false, [], false, 0, [], null, 0, 1598057411.7412395, 0, {}]
