# <?xml version="1.0" ?>
# <DataFileHeader>
#   <Variables>
#     <ColumnSpec>x, y</ColumnSpec>
#     <Element name="comment" type="str"></Element>
#     <Element name="counter" type="str">Hist</Element>
#     <Element name="name" type="str"></Element>
#     <Element name="traceCreation" type="datetime">2019-08-20 13:34:57.515244+00:00</Element>
#     <TracePlottingList>
#       <TracePlotting _bottomColumn="bottom" _filtColumn="None" _fitFunction="None" _heightColumn="height" _rawColumn="raw" _topColumn="top" _xColumn="x" _yColumn="y" fill="True" name="Counter 0" properties="&lt;trace.PlottedTrace.PlottedTraceProperties object at 0x000001B2507107F0&gt;" style="0" type="0" windowName="None" xAxisLabel="None" xAxisUnit="None" yAxisLabel="None">
#         <PlottedTraceProperties averageSameX="False" averageType="None" combinePoints="0"/>
#       </TracePlotting>
#     </TracePlottingList>
#   </Variables>
# </DataFileHeader>
1566308039.2999523	341.0
1566308039.3999522	294.0
1566308039.4999523	294.0
1566308039.5999522	315.0
1566308039.6999521	330.0
1566308039.799952	329.0
1566308039.899952	293.0
1566308039.999952	308.0
1566308040.099952	329.0
1566308040.199952	308.0
1566308040.299952	339.0
1566308040.3999517	290.0
1566308040.4999516	329.0
1566308040.5999517	298.0
1566308040.6999516	345.0
1566308040.7999518	299.0
1566308040.8999517	313.0
1566308040.9999514	341.0
1566308041.0999515	399.0
1566308041.1999514	414.0
1566308041.2999516	454.0
1566308041.3999515	442.0
1566308041.4999514	432.0
1566308041.5999515	454.0
1566308041.6999512	465.0
1566308041.7999513	420.0
1566308041.8999512	408.0
1566308041.9999511	401.0
1566308042.0999513	421.0
1566308042.1999512	418.0
1566308042.2999508	412.0
1566308042.399951	397.0
1566308042.499951	446.0
1566308042.599951	394.0
1566308042.699951	431.0
1566308042.7999508	423.0
1566308042.899951	461.0
1566308042.9999506	458.0
1566308043.0999508	451.0
1566308043.1999507	424.0
1566308043.2999506	396.0
1566308043.3999507	367.0
1566308043.4999506	431.0
1566308043.5999506	428.0
1566308043.6999505	436.0
1566308043.7999504	364.0
1566308043.8999505	426.0
1566308043.9999504	408.0
1566308044.0999506	451.0
1566308044.1999502	388.0
1566308044.2999501	386.0
1566308044.3999503	425.0
1566308044.4999502	429.0
1566308044.59995	378.0
1566308044.6999502	403.0
1566308044.7999501	403.0
1566308044.89995	404.0
1566308044.99995	427.0
1566308045.0999498	390.0
1566308045.19995	452.0
1566308045.29995	402.0
1566308045.39995	406.0
1566308045.4999497	382.0
1566308045.5999496	421.0
1566308045.6999497	420.0
1566308045.7999496	385.0
1566308045.8999496	322.0
1566308045.9999497	337.0
1566308046.0999496	256.0
1566308046.1999495	288.0
1566308046.2999494	296.0
1566308046.3999493	323.0
1566308046.4999495	302.0
1566308046.5999494	304.0
1566308046.6999495	306.0
1566308046.7999492	328.0
1566308046.899949	304.0
1566308046.9999492	320.0
1566308047.0999491	303.0
1566308047.1999493	282.0
1566308047.2999492	293.0
1566308047.3999488	334.0
1566308047.499949	303.0
1566308047.599949	305.0
1566308047.6999488	316.0
1566308047.799949	300.0
1566308047.8999488	304.0
1566308047.999949	306.0
1566308048.0999486	330.0
1566308048.1999485	301.0
1566308048.2999487	295.0
1566308048.3999486	323.0
1566308048.4999487	293.0
1566308048.5999486	327.0
1566308048.6999483	314.0
1566308048.7999485	320.0
1566308048.8999484	320.0
1566308048.9999485	308.0
1566308049.0999484	304.0
1566308049.1999483	312.0
1566308049.2999485	327.0
1566308049.3999481	291.0
1566308049.499948	343.0
1566308049.5999482	341.0
1566308049.699948	310.0
1566308049.7999482	326.0
1566308049.8999481	324.0
1566308049.9999478	306.0
1566308050.099948	289.0
1566308050.1999478	337.0
1566308050.299948	309.0
1566308050.399948	321.0
1566308050.4999478	300.0
1566308050.5999477	357.0
1566308050.6999476	443.0
1566308050.7999475	432.0
1566308050.8999476	416.0
1566308050.9999475	406.0
1566308051.0999477	427.0
1566308051.1999476	406.0
1566308051.2999473	444.0
1566308051.3999474	416.0
1566308051.4999473	414.0
1566308051.5999475	415.0
1566308051.6999474	456.0
1566308051.7999473	405.0
1566308051.8999472	418.0
1566308051.999947	398.0
1566308052.0999472	390.0
1566308052.199947	401.0
1566308052.299947	389.0
1566308052.3999472	396.0
1566308052.499947	411.0
1566308052.5999467	448.0
1566308052.6999469	425.0
1566308052.7999468	457.0
1566308052.899947	444.0
1566308052.9999468	442.0
1566308053.0999467	445.0
1566308053.1999466	458.0
1566308053.2999465	452.0
1566308053.3999467	442.0
1566308053.4999466	423.0
1566308053.5999465	321.0
1566308053.6999466	366.0
1566308053.7999463	399.0
1566308053.8999465	418.0
1566308053.9999464	367.0
1566308054.0999463	358.0
1566308054.1999464	348.0
1566308054.2999463	319.0
1566308054.3999465	318.0
1566308054.499946	364.0
1566308054.599946	414.0
1566308054.6999462	408.0
1566308054.799946	400.0
1566308054.899946	394.0
1566308054.999946	389.0
1566308055.0999458	386.0
1566308055.199946	355.0
1566308055.2999458	373.0
1566308055.3999457	320.0
1566308055.4999459	294.0
1566308055.5999458	284.0
1566308055.699946	283.0
1566308055.7999456	280.0
1566308055.8999455	263.0
1566308055.9999456	273.0
1566308056.0999455	296.0
1566308056.1999457	263.0
1566308056.2999456	259.0
1566308056.3999453	277.0
1566308056.4999454	263.0
1566308056.5999453	290.0
1566308056.6999452	290.0
1566308056.7999454	291.0
1566308056.8999453	309.0
1566308056.9999452	259.0
1566308057.099945	262.0
1566308057.199945	253.0
1566308057.299945	267.0
1566308057.399945	285.0
1566308057.4999452	302.0
1566308057.599945	273.0
1566308057.6999447	283.0
1566308057.7999449	293.0
1566308057.8999448	295.0
1566308057.9999447	319.0
1566308058.0999448	275.0
1566308058.1999447	290.0
1566308058.2999446	308.0
1566308058.3999445	309.0
1566308058.4999444	274.0
1566308058.5999446	306.0
1566308058.6999445	293.0
1566308058.7999446	257.0
1566308058.8999445	301.0
1566308058.9999442	317.0
1566308059.0999444	291.0
1566308059.1999443	280.0
1566308059.2999444	291.0
1566308059.3999443	307.0
1566308059.4999442	331.0
1566308059.599944	277.0
1566308059.699944	304.0
1566308059.799944	310.0
1566308059.899944	263.0
1566308059.999944	287.0
1566308060.099944	273.0
1566308060.1999438	321.0
1566308060.2999437	414.0
1566308060.3999438	432.0
1566308060.4999437	390.0
1566308060.5999439	383.0
1566308060.6999438	419.0
1566308060.7999437	391.0
1566308060.8999436	418.0
1566308060.9999435	435.0
1566308061.0999436	370.0
1566308061.1999435	409.0
1566308061.2999434	398.0
1566308061.3999436	370.0
1566308061.4999433	438.0
1566308061.5999432	439.0
1566308061.6999433	408.0
1566308061.7999432	403.0
1566308061.8999434	406.0
1566308061.9999433	343.0
1566308062.0999432	384.0
1566308062.199943	410.0
1566308062.299943	370.0
1566308062.399943	369.0
1566308062.499943	413.0
1566308062.599943	408.0
1566308062.699943	387.0
1566308062.7999427	424.0
1566308062.8999426	395.0
1566308062.9999428	339.0
1566308063.0999427	404.0
1566308063.1999428	392.0
1566308063.2999427	429.0
1566308063.3999424	397.0
1566308063.4999425	396.0
1566308063.5999424	425.0
1566308063.6999426	406.0
1566308063.7999425	390.0
1566308063.8999424	381.0
1566308063.9999425	388.0
1566308064.0999422	386.0
1566308064.1999424	364.0
1566308064.2999423	390.0
1566308064.3999422	407.0
1566308064.4999423	412.0
1566308064.5999422	395.0
1566308064.6999419	335.0
1566308064.799942	403.0
1566308064.899942	399.0
1566308064.999942	292.0
1566308065.099942	286.0
1566308065.1999419	318.0
1566308065.299942	270.0
1566308065.3999417	304.0
1566308065.4999418	302.0
1566308065.5999417	256.0
1566308065.6999416	305.0
1566308065.7999418	253.0
1566308065.8999417	256.0
1566308065.9999416	266.0
1566308066.0999415	272.0
1566308066.1999414	264.0
1566308066.2999415	270.0
1566308066.3999414	290.0
1566308066.4999416	237.0
1566308066.5999413	266.0
1566308066.6999412	310.0
1566308066.7999413	252.0
1566308066.8999412	282.0
1566308066.999941	288.0
1566308067.0999413	273.0
1566308067.1999412	308.0
1566308067.299941	276.0
1566308067.399941	299.0
1566308067.4999409	268.0
1566308067.599941	300.0
1566308067.699941	264.0
1566308067.799941	248.0
1566308067.8999407	280.0
1566308067.9999406	284.0
1566308068.0999408	299.0
1566308068.1999407	311.0
1566308068.2999408	295.0
1566308068.3999407	266.0
1566308068.4999406	301.0
1566308068.5999405	290.0
1566308068.6999404	304.0
1566308068.7999403	279.0
1566308068.8999405	310.0
1566308068.9999404	304.0
1566308069.0999405	302.0
1566308069.1999402	299.0
1566308069.29994	303.0
1566308069.3999403	328.0
1566308069.4999402	275.0
1566308069.5999403	301.0
1566308069.6999402	324.0
1566308069.7999399	414.0
1566308069.89994	428.0
1566308069.99994	404.0
1566308070.0999398	387.0
1566308070.19994	396.0
1566308070.2999399	381.0
1566308070.39994	385.0
1566308070.4999397	409.0
1566308070.5999396	389.0
1566308070.6999397	417.0
1566308070.7999396	378.0
1566308070.8999398	385.0
1566308070.9999397	362.0
1566308071.0999393	402.0
1566308071.1999395	414.0
1566308071.2999394	369.0
1566308071.3999395	428.0
1566308071.4999394	389.0
1566308071.5999393	391.0
1566308071.6999395	369.0
1566308071.7999392	384.0
1566308071.899939	396.0
1566308071.9999392	356.0
1566308072.099939	345.0
1566308072.1999393	387.0
1566308072.2999392	390.0
1566308072.3999388	356.0
1566308072.499939	388.0
1566308072.5999389	363.0
1566308072.699939	363.0
1566308072.799939	389.0
1566308072.8999388	366.0
1566308072.9999387	382.0
1566308073.0999386	393.0
1566308073.1999388	392.0
1566308073.2999387	392.0
1566308073.3999386	378.0
1566308073.4999387	381.0
1566308073.5999386	364.0
1566308073.6999383	359.0
1566308073.7999384	377.0
1566308073.8999383	373.0
1566308073.9999385	388.0
1566308074.0999384	361.0
1566308074.1999383	407.0
1566308074.2999382	383.0
1566308074.399938	383.0
1566308074.4999382	345.0
1566308074.5999382	298.0
1566308074.699938	285.0
1566308074.7999382	275.0
1566308074.899938	292.0
1566308074.9999378	286.0
1566308075.099938	296.0
1566308075.1999378	264.0
1566308075.299938	247.0
1566308075.3999379	265.0
1566308075.4999378	274.0
1566308075.5999377	268.0
1566308075.6999376	293.0
1566308075.7999377	315.0
1566308075.8999376	257.0
1566308075.9999375	261.0
1566308076.0999377	251.0
1566308076.1999373	299.0
1566308076.2999375	229.0
1566308076.3999374	294.0
1566308076.4999373	265.0
1566308076.5999374	276.0
1566308076.6999373	264.0
1566308076.7999375	262.0
1566308076.8999372	274.0
1566308076.999937	284.0
1566308077.0999372	264.0
1566308077.199937	298.0
1566308077.299937	293.0
1566308077.3999372	278.0
1566308077.4999368	307.0
1566308077.599937	292.0
1566308077.6999369	311.0
1566308077.7999368	280.0
1566308077.899937	276.0
1566308077.9999368	293.0
1566308078.099937	320.0
1566308078.1999366	308.0
1566308078.2999365	269.0
1566308078.3999367	273.0
1566308078.4999366	290.0
1566308078.5999367	302.0
1566308078.6999366	302.0
1566308078.7999363	290.0
1566308078.8999364	288.0
1566308078.9999363	310.0
1566308079.0999362	312.0
1566308079.1999364	274.0
1566308079.2999363	376.0
1566308079.3999362	421.0
1566308079.499936	409.0
1566308079.599936	421.0
1566308079.6999362	407.0
1566308079.799936	407.0
1566308079.8999362	451.0
1566308079.999936	382.0
1566308080.0999358	432.0
1566308080.199936	386.0
1566308080.2999358	434.0
1566308080.3999357	410.0
1566308080.4999359	359.0
1566308080.5999358	400.0
1566308080.6999357	418.0
1566308080.7999356	430.0
1566308080.8999355	352.0
1566308080.9999356	391.0
1566308081.0999355	381.0
1566308081.1999357	385.0
1566308081.2999356	381.0
1566308081.3999352	397.0
1566308081.4999354	395.0
1566308081.5999353	388.0
1566308081.6999354	345.0
1566308081.7999353	376.0
1566308081.8999352	360.0
1566308081.9999352	387.0
1566308082.099935	348.0
1566308082.199935	389.0
1566308082.299935	424.0
1566308082.399935	382.0
1566308082.4999352	420.0
1566308082.5999348	396.0
1566308082.6999347	404.0
1566308082.7999349	339.0
1566308082.8999348	361.0
1566308082.999935	356.0
1566308083.0999348	373.0
1566308083.1999347	381.0
1566308083.2999346	368.0
1566308083.3999345	361.0
1566308083.4999347	372.0
1566308083.5999346	363.0
1566308083.6999345	342.0
1566308083.7999346	333.0
1566308083.8999343	335.0
1566308083.9999342	372.0
1566308084.0999343	293.0
1566308084.1999342	291.0
1566308084.2999344	254.0
1566308084.3999343	243.0
1566308084.4999342	241.0
1566308084.599934	242.0
1566308084.699934	208.0
1566308084.7999341	240.0
1566308084.899934	239.0
1566308084.999934	262.0
1566308085.099934	235.0
1566308085.1999338	228.0
1566308085.299934	232.0
1566308085.3999338	252.0
1566308085.4999337	235.0
1566308085.5999339	224.0
1566308085.6999338	233.0
1566308085.7999334	223.0
1566308085.8999336	221.0
1566308085.9999335	258.0
1566308086.0999336	285.0
1566308086.1999335	229.0
1566308086.2999334	256.0
1566308086.3999336	261.0
1566308086.4999332	272.0
1566308086.5999334	298.0
1566308086.6999333	260.0
1566308086.7999332	238.0
1566308086.8999333	269.0
1566308086.9999332	237.0
1566308087.099933	246.0
1566308087.199933	291.0
1566308087.299933	262.0
1566308087.399933	269.0
1566308087.499933	258.0
1566308087.599933	278.0
1566308087.699933	261.0
1566308087.7999327	274.0
1566308087.8999329	266.0
1566308087.9999328	251.0
1566308088.0999327	266.0
1566308088.1999328	283.0
1566308088.2999327	260.0
1566308088.3999326	256.0
1566308088.4999325	239.0
1566308088.5999324	259.0
1566308088.6999326	252.0
1566308088.7999325	286.0
1566308088.8999326	397.0
1566308088.9999323	374.0
1566308089.0999322	405.0
1566308089.1999323	343.0