[{"0": [71, 65, 75, 52, 48, 60, 61, 50, 50, 69, 64, 63, 66, 71, 67, 63, 58, 41, 70, 50, 44, 69, 46, 55, 49, 44, 43, 58, 62, 43]}, null, null, 27600, false, [], false, 0, [], null, 0, 1602036148.9916332, 0, {}]
[{"0": [47, 64, 43, 45, 53, 66, 57, 50, 66, 62, 62, 47, 56, 582, 54, 64, 59, 58, 57, 69, 60, 56, 48, 43, 53, 70, 61, 46, 56, 44]}, null, null, 27800, false, [], false, 0, [], null, 0, 1602036200.838915, 0, {}]
[{"0": [55, 34, 590, 53, 42, 75, 56, 58, 55, 51, 53, 44, 61, 59, 56, 44, 51, 55, 73, 65, 64, 51, 56, 62, 46, 42, 63, 53, 61, 78]}, null, null, 28000, false, [], false, 0, [], null, 0, 1602036276.57125, 0, {}]
[{"0": [65, 65, 57, 51, 44, 53, 50, 64, 62, 55, 52, 62, 60, 40, 60, 63, 62, 51, 54, 65, 50, 44, 65, 486, 60, 52, 47, 43, 39, 59]}, null, null, 28200, false, [], false, 0, [], null, 0, 1602036334.8978171, 0, {}]
[{"0": [43, 48, 59, 59, 54, 64, 56, 57, 62, 47, 39, 45, 51, 45, 31, 63, 52, 41, 45, 54, 35, 49, 58, 46, 57, 70, 48, 53, 46, 45]}, null, null, 28400, false, [], false, 0, [], null, 0, 1602036401.919754, 0, {}]
[{"0": [39, 52, 47, 37, 59, 53, 53, 34, 42, 55, 46, 58, 64, 46, 60, 56, 36, 49, 71, 46, 47, 43, 59, 60, 62, 30, 50, 46, 57, 52]}, null, null, 28600, false, [], false, 0, [], null, 0, 1602036463.2825427, 0, {}]
[{"0": [42, 48, 45, 57, 54, 61, 60, 71, 44, 58, 47, 46, 55, 47, 61, 60, 110, 45, 51, 56, 49, 54, 58, 42, 64, 51, 61, 44, 50, 53]}, null, null, 28800, false, [], false, 0, [], null, 0, 1602036563.0207126, 0, {}]
[{"0": [56, 60, 57, 49, 56, 64, 51, 46, 49, 53, 63, 118, 59, 52, 50, 58, 53, 54, 54, 46, 44, 56, 45, 61, 42, 54, 53, 47, 54, 48]}, null, null, 29000, false, [], false, 0, [], null, 0, 1602036659.2234473, 0, {}]
[{"0": [50, 58, 55, 50, 64, 59, 54, 48, 62, 51, 57, 55, 48, 60, 44, 41, 57, 45, 48, 68, 39, 49, 57, 53, 51, 40, 48, 53, 564, 53]}, null, null, 29200, false, [], false, 0, [], null, 0, 1602036712.446428, 0, {}]
[{"0": [53, 139, 54, 64, 70, 62, 60, 63, 52, 43, 52, 46, 40, 49, 45, 55, 48, 53, 61, 53, 40, 49, 51, 74, 61, 564, 47, 66, 45, 49]}, null, null, 29400, false, [], false, 0, [], null, 0, 1602036775.3071506, 0, {}]
[{"0": [62, 54, 65, 55, 64, 58, 72, 49, 65, 77, 46, 55, 63, 52, 52, 55, 58, 54, 46, 51, 53, 158, 125, 57, 651, 157, 44, 47, 61, 829]}, null, null, 29600, false, [], false, 0, [], null, 0, 1602036848.9995027, 0, {}]
[{"0": [67, 42, 44, 49, 54, 60, 65, 53, 49, 33, 56, 48, 52, 60, 37, 59, 58, 60, 49, 61, 58, 45, 58, 52, 63, 69, 47, 52, 54, 52]}, null, null, 29800, false, [], false, 0, [], null, 0, 1602036907.0841231, 0, {}]
[{"0": [60, 53, 54, 41, 42, 45, 44, 49, 59, 41, 49, 66, 54, 40, 65, 62, 63, 56, 47, 51, 56, 147, 61, 63, 54, 59, 54, 51, 43, 46]}, null, null, 30000, false, [], false, 0, [], null, 0, 1602036987.420699, 0, {}]
[{"0": [49, 58, 44, 48, 55, 44, 58, 59, 38, 51, 59, 54, 64, 48, 48, 62, 48, 54, 45, 42, 53, 59, 64, 44, 43, 57, 59, 47, 49, 45]}, null, null, 30200, false, [], false, 0, [], null, 0, 1602037033.0918758, 0, {}]
[{"0": [57, 61, 35, 56, 36, 50, 55, 45, 52, 41, 58, 65, 41, 55, 41, 41, 56, 50, 40, 44, 39, 55, 50, 45, 53, 52, 59, 59, 46, 38]}, null, null, 30400, false, [], false, 0, [], null, 0, 1602037100.6798167, 0, {}]
[{"0": [44, 54, 32, 60, 50, 47, 49, 45, 53, 130, 52, 46, 46, 44, 56, 49, 46, 51, 51, 45, 39, 39, 37, 33, 38, 42, 31, 47, 38, 49]}, null, null, 30600, false, [], false, 0, [], null, 0, 1602037184.5092404, 0, {}]
[{"0": [62, 55, 58, 39, 50, 47, 50, 54, 40, 57, 40, 48, 60, 51, 54, 50, 42, 49, 53, 50, 45, 52, 50, 43, 56, 53, 79, 42, 57, 42]}, null, null, 30800, false, [], false, 0, [], null, 0, 1602037229.1627915, 0, {}]
[{"0": [49, 53, 45, 39, 61, 45, 51, 41, 46, 49, 56, 52, 56, 49, 46, 51, 40, 40, 48, 40, 52, 45, 53, 43, 42, 39, 52, 39, 54, 53]}, null, null, 31000, false, [], false, 0, [], null, 0, 1602037292.0275598, 0, {}]
[{"0": [50, 51, 47, 52, 40, 38, 42, 39, 51, 39, 51, 48, 48, 57, 59, 51, 50, 40, 69, 55, 53, 58, 55, 43, 60, 55, 41, 44, 46, 59]}, null, null, 31200, false, [], false, 0, [], null, 0, 1602037376.1904008, 0, {}]
[{"0": [43, 47, 56, 44, 55, 44, 54, 53, 34, 55, 157, 50, 50, 55, 60, 44, 40, 42, 35, 44, 40, 55, 50, 49, 40, 38, 41, 43, 52, 57]}, null, null, 31400, false, [], false, 0, [], null, 0, 1602037460.5631511, 0, {}]
[{"0": [43, 44, 45, 44, 41, 50, 66, 49, 47, 48, 42, 42, 49, 40, 60, 64, 55, 43, 47, 53, 29, 65, 54, 53, 41, 46, 62, 36, 39, 43]}, null, null, 31600, false, [], false, 0, [], null, 0, 1602037561.8954647, 0, {}]
[{"0": [47, 46, 39, 51, 63, 51, 63, 50, 55, 42, 53, 48, 47, 49, 46, 42, 51, 39, 37, 59, 47, 67, 43, 49, 52, 56, 49, 49, 57, 37]}, null, null, 31800, false, [], false, 0, [], null, 0, 1602037623.2775424, 0, {}]
[{"0": [48, 44, 50, 58, 38, 170, 58, 57, 60, 40, 43, 62, 51, 39, 41, 41, 45, 45, 48, 48, 55, 51, 42, 53, 46, 56, 46, 51, 48, 51]}, null, null, 32000, false, [], false, 0, [], null, 0, 1602037677.9305787, 0, {}]
[{"0": [45, 45, 41, 54, 52, 51, 51, 42, 44, 37, 53, 45, 49, 56, 54, 54, 66, 51, 67, 53, 52, 70, 49, 42, 52, 68, 49, 55, 49, 65]}, null, null, 32200, false, [], false, 0, [], null, 0, 1602037756.873517, 0, {}]
[{"0": [57, 56, 53, 55, 32, 44, 65, 47, 42, 50, 34, 66, 48, 44, 44, 87, 52, 46, 53, 42, 51, 77, 49, 44, 59, 49, 55, 46, 54, 55]}, null, null, 32400, false, [], false, 0, [], null, 0, 1602037805.5032, 0, {}]
[{"0": [38, 52, 54, 55, 64, 51, 51, 63, 56, 58, 53, 68, 58, 60, 40, 50, 191, 48, 48, 52, 64, 52, 55, 50, 44, 48, 50, 54, 55, 49]}, null, null, 32600, false, [], false, 0, [], null, 0, 1602037882.4014494, 0, {}]
[{"0": [62, 67, 65, 60, 49, 55, 51, 62, 4046, 49, 50, 68, 777, 124, 72, 43, 41, 49, 80, 72, 73, 54, 54, 55, 42, 52, 51, 51, 47, 58]}, null, null, 32800, false, [], false, 0, [], null, 0, 1602037942.7399344, 0, {}]
[{"0": [64, 63, 103, 720, 66, 62, 44, 48, 68, 101, 66, 66, 43, 51, 75, 51, 41, 48, 45, 53, 50, 56, 36, 40, 49, 1519, 58, 52, 267, 63]}, null, null, 33000, false, [], false, 0, [], null, 0, 1602038008.6512232, 0, {}]
[{"0": [90, 73, 54, 624, 770, 479, 54, 53, 52, 74, 143, 87, 61, 59, 59, 45, 53, 43, 44, 44, 751, 74, 56, 237, 57, 764, 48, 80, 51, 97]}, null, null, 33200, false, [], false, 0, [], null, 0, 1602038074.992088, 0, {}]
[{"0": [536, 892, 41, 56, 49, 88, 60, 67, 46, 50, 55, 50, 61, 57, 42, 46, 853, 98, 714, 73, 67, 632, 62, 61, 42, 109, 62, 489, 60, 58]}, null, null, 33400, false, [], false, 0, [], null, 0, 1602038142.9916096, 0, {}]
[{"0": [51, 1227, 58, 55, 58, 65, 67, 61, 63, 58, 58, 93, 917, 824, 70, 74, 102, 740, 81, 53, 89, 64, 70, 67, 53, 47, 60, 103, 50, 46]}, null, null, 33600, false, [], false, 0, [], null, 0, 1602038208.1303134, 0, {}]
[{"0": [51, 74, 46, 53, 59, 63, 45, 129, 121, 978, 126, 66, 112, 704, 57, 75, 379, 229, 262, 46, 54, 60, 65, 61, 73, 67, 50, 69, 53, 64]}, null, null, 33800, false, [], false, 0, [], null, 0, 1602038275.468648, 0, {}]
[{"0": [53, 52, 70, 1634, 54, 89, 83, 60, 54, 57, 75, 93, 58, 89, 851, 57, 64, 42, 104, 80, 71, 57, 51, 40, 61, 52, 48, 62, 71, 434]}, null, null, 34000, false, [], false, 0, [], null, 0, 1602038341.8106213, 0, {}]
[{"0": [82, 54, 62, 56, 775, 268, 62, 57, 60, 74, 84, 56, 54, 56, 62, 73, 69, 48, 65, 87, 43, 79, 50, 56, 80, 75, 77, 74, 55, 72]}, null, null, 34200, false, [], false, 0, [], null, 0, 1602038407.389764, 0, {}]
[{"0": [97, 103, 67, 93, 56, 76, 179, 67, 57, 51, 76, 73, 61, 45, 59, 62, 81, 81, 54, 55, 173, 60, 135, 68, 51, 65, 103, 73, 64, 57]}, null, null, 34400, false, [], false, 0, [], null, 0, 1602038475.3827624, 0, {}]
[{"0": [81, 120, 69, 63, 63, 74, 80, 70, 64, 64, 54, 55, 53, 75, 57, 123, 581, 59, 91, 46, 62, 58, 79, 73, 83, 60, 110, 110, 57, 58]}, null, null, 34600, false, [], false, 0, [], null, 0, 1602038540.1646395, 0, {}]
[{"0": [62, 75, 54, 50, 66, 87, 63, 50, 68, 92, 61, 61, 71, 42, 43, 83, 53, 90, 1016, 69, 58, 69, 71, 94, 60, 46, 53, 65, 56, 60]}, null, null, 34800, false, [], false, 0, [], null, 0, 1602038608.662486, 0, {}]
[{"0": [54, 50, 48, 144, 56, 61, 60, 195, 75, 52, 65, 88, 85, 137, 89, 72, 139, 63, 61, 94, 41, 64, 28, 67, 127, 55, 61, 48, 50, 63]}, null, null, 35000, false, [], false, 0, [], null, 0, 1602038677.5932896, 0, {}]
[{"0": [63, 50, 52, 1699, 251, 80, 56, 69, 90, 82, 695, 58, 58, 62, 69, 51, 49, 49, 47, 56, 70, 45, 55, 57, 63, 63, 55, 62, 86, 86]}, null, null, 35200, false, [], false, 0, [], null, 0, 1602038749.3483539, 0, {}]
[{"0": [72, 72, 179, 46, 67, 55, 69, 87, 69, 68, 96, 44, 57, 48, 1417, 74, 62, 51, 42, 55, 48, 65, 56, 57, 64, 48, 106, 50, 69, 46]}, null, null, 35400, false, [], false, 0, [], null, 0, 1602038849.2244117, 0, {}]
[{"0": [198, 86, 71, 57, 56, 86, 69, 51, 51, 62, 53, 42, 49, 36, 50, 42, 43, 51, 46, 50, 61, 61, 55, 54, 45, 147, 233, 65, 46, 54]}, null, null, 35600, false, [], false, 0, [], null, 0, 1602038944.0275273, 0, {}]
[{"0": [51, 85, 865, 49, 43, 54, 68, 55, 49, 45, 43, 55, 48, 36, 47, 47, 62, 46, 17, 16, 29, 26, 31, 25, 14, 20, 11, 14, 24, 18]}, null, null, 35800, false, [], false, 0, [], null, 0, 1602038999.147544, 0, {}]
[{"0": [13, 17, 36, 19, 11, 19, 10, 18, 13, 14, 26, 13, 19, 20, 34, 19, 17, 11, 28, 17, 11, 12, 12, 29, 19, 13, 18, 33, 49, 27]}, null, null, 36000, false, [], false, 0, [], null, 0, 1602039066.7228212, 0, {}]
[{"0": [26, 18, 14, 13, 9, 18, 16, 26, 20, 17, 8, 23, 19, 23, 33, 9, 10, 19, 10, 25, 13, 13, 11, 20, 13, 12, 8, 14, 21, 15]}, null, null, 36200, false, [], false, 0, [], null, 0, 1602039133.2460608, 0, {}]
[{"0": [9, 15, 23, 10, 12, 19, 14, 11, 14, 19, 15, 25, 15, 28, 16, 17, 13, 9, 9, 15, 13, 15, 10, 22, 17, 34, 17, 13, 23, 43]}, null, null, 36400, false, [], false, 0, [], null, 0, 1602039190.153736, 0, {}]
[{"0": [15, 24, 22, 14, 10, 14, 16, 13, 16, 13, 30, 9, 15, 14, 28, 18, 12, 9, 12, 18, 11, 13, 17, 18, 17, 21, 24, 16, 48, 23]}, null, null, 36600, false, [], false, 0, [], null, 0, 1602039258.6079206, 0, {}]
[{"0": [26, 17, 23, 12, 11, 32, 11, 15, 12, 24, 34, 14, 17, 19, 11, 12, 18, 12, 17, 23, 118, 619, 10, 9, 15, 11, 23, 27, 34, 21]}, null, null, 36800, false, [], false, 0, [], null, 0, 1602039322.3660922, 0, {}]
[{"0": [16, 12, 30, 14, 13, 17, 15, 25, 20, 16, 19, 18, 11, 22, 13, 26, 27, 7, 14, 17, 24, 12, 14, 13, 17, 19, 19, 16, 23, 19]}, null, null, 37000, false, [], false, 0, [], null, 0, 1602039388.5948858, 0, {}]
