[{"0": [60, 58, 42, 42, 38, 36, 48, 50, 43, 42, 35, 52, 52, 52, 53, 52, 61, 43, 53, 48, 40, 48, 52, 61, 67, 58, 53, 40, 46, 49]}, null, null, 27600, false, [], false, 0, [], null, 0, 1602018756.512129, 0, {}]
[{"0": [40, 40, 36, 67, 56, 56, 57, 61, 36, 46, 48, 54, 44, 56, 69, 69, 46, 86, 38, 48, 50, 46, 37, 58, 41, 41, 46, 48, 70, 41]}, null, null, 27800, false, [], false, 0, [], null, 0, 1602018821.1326163, 0, {}]
[{"0": [45, 43, 41, 41, 52, 43, 52, 44, 45, 38, 33, 51, 47, 60, 48, 55, 54, 56, 46, 50, 40, 51, 40, 54, 40, 55, 47, 58, 57, 44]}, null, null, 28000, false, [], false, 0, [], null, 0, 1602018876.3062775, 0, {}]
[{"0": [39, 50, 37, 65, 60, 41, 45, 53, 39, 45, 38, 66, 42, 68, 54, 123, 47, 48, 45, 52, 66, 40, 47, 56, 42, 49, 53, 55, 53, 40]}, null, null, 28200, false, [], false, 0, [], null, 0, 1602018944.1662529, 0, {}]
[{"0": [57, 49, 49, 64, 51, 39, 52, 53, 69, 52, 67, 50, 39, 44, 57, 53, 51, 54, 44, 47, 42, 43, 51, 35, 52, 55, 59, 45, 57, 44]}, null, null, 28400, false, [], false, 0, [], null, 0, 1602019003.6094024, 0, {}]
[{"0": [43, 52, 42, 43, 46, 51, 50, 60, 31, 52, 59, 46, 45, 40, 40, 46, 49, 30, 58, 57, 39, 55, 54, 60, 40, 48, 36, 41, 42, 72]}, null, null, 28600, false, [], false, 0, [], null, 0, 1602019090.8543534, 0, {}]
[{"0": [44, 57, 53, 80, 45, 44, 38, 35, 37, 60, 57, 49, 52, 49, 32, 49, 61, 45, 55, 55, 39, 51, 49, 64, 51, 51, 38, 51, 65, 50]}, null, null, 28800, false, [], false, 0, [], null, 0, 1602019193.5269294, 0, {}]
[{"0": [46, 43, 49, 57, 44, 45, 45, 48, 49, 59, 50, 43, 63, 49, 51, 63, 67, 40, 56, 51, 47, 37, 51, 65, 68, 61, 49, 62, 48, 49]}, null, null, 29000, false, [], false, 0, [], null, 0, 1602019259.3476222, 0, {}]
[{"0": [55, 56, 47, 63, 51, 46, 51, 60, 41, 53, 55, 61, 737, 61, 45, 52, 62, 41, 65, 51, 57, 42, 43, 42, 52, 48, 59, 59, 43, 47]}, null, null, 29200, false, [], false, 0, [], null, 0, 1602019303.6240454, 0, {}]
[{"0": [40, 58, 48, 68, 64, 56, 51, 34, 66, 53, 48, 51, 44, 62, 47, 46, 60, 53, 51, 49, 56, 60, 66, 52, 53, 51, 41, 58, 50, 61]}, null, null, 29400, false, [], false, 0, [], null, 0, 1602019383.705008, 0, {}]
[{"0": [48, 43, 43, 54, 51, 55, 54, 53, 41, 169, 47, 45, 66, 49, 50, 52, 83, 74, 58, 43, 68, 47, 51, 618, 64, 68, 52, 49, 65, 47]}, null, null, 29600, false, [], false, 0, [], null, 0, 1602019451.707694, 0, {}]
[{"0": [57, 68, 61, 45, 51, 69, 47, 65, 37, 52, 46, 46, 70, 69, 54, 64, 69, 49, 43, 47, 58, 54, 675, 53, 64, 65, 60, 53, 55, 44]}, null, null, 29800, false, [], false, 0, [], null, 0, 1602019494.9804115, 0, {}]
[{"0": [44, 44, 54, 70, 45, 46, 42, 56, 53, 48, 56, 38, 46, 51, 39, 46, 40, 40, 59, 66, 56, 49, 60, 53, 54, 56, 55, 62, 48, 52]}, null, null, 30000, false, [], false, 0, [], null, 0, 1602019572.741035, 0, {}]
[{"0": [44, 39, 69, 48, 47, 50, 56, 55, 49, 50, 45, 156, 54, 58, 62, 49, 144, 56, 56, 52, 63, 51, 59, 92, 57, 151, 53, 41, 38, 44]}, null, null, 30200, false, [], false, 0, [], null, 0, 1602019651.2318165, 0, {}]
[{"0": [54, 41, 56, 48, 49, 52, 47, 46, 62, 58, 63, 36, 50, 79, 40, 51, 45, 68, 56, 43, 85, 49, 60, 75, 41, 51, 47, 41, 47, 51]}, null, null, 30400, false, [], false, 0, [], null, 0, 1602019694.410378, 0, {}]
[{"0": [50, 50, 44, 43, 47, 54, 55, 61, 70, 56, 61, 66, 52, 52, 68, 50, 59, 52, 41, 47, 61, 60, 55, 66, 51, 50, 60, 52, 48, 56]}, null, null, 30600, false, [], false, 0, [], null, 0, 1602019763.3449533, 0, {}]
[{"0": [59, 51, 58, 48, 52, 74, 39, 60, 45, 40, 57, 53, 44, 42, 50, 54, 37, 59, 52, 38, 58, 54, 51, 44, 56, 46, 49, 66, 57, 47]}, null, null, 30800, false, [], false, 0, [], null, 0, 1602019849.868511, 0, {}]
[{"0": [49, 39, 51, 51, 46, 51, 52, 128, 71, 49, 45, 51, 41, 45, 49, 52, 45, 57, 53, 49, 58, 48, 60, 53, 52, 54, 53, 134, 56, 60]}, null, null, 31000, false, [], false, 0, [], null, 0, 1602019903.1439278, 0, {}]
[{"0": [61, 51, 45, 48, 59, 47, 40, 33, 61, 55, 53, 50, 40, 51, 46, 45, 55, 50, 47, 43, 43, 53, 79, 43, 57, 52, 61, 45, 56, 51]}, null, null, 31200, false, [], false, 0, [], null, 0, 1602019991.1645012, 0, {}]
[{"0": [51, 46, 53, 46, 42, 46, 48, 49, 45, 33, 44, 38, 51, 58, 49, 41, 40, 51, 53, 41, 56, 60, 56, 39, 46, 38, 60, 44, 50, 41]}, null, null, 31400, false, [], false, 0, [], null, 0, 1602020094.4707317, 0, {}]
[{"0": [48, 37, 58, 49, 43, 44, 35, 47, 35, 46, 48, 48, 57, 54, 42, 44, 47, 50, 52, 48, 58, 72, 47, 33, 57, 39, 50, 41, 52, 44]}, null, null, 31600, false, [], false, 0, [], null, 0, 1602020163.6124504, 0, {}]
[{"0": [46, 57, 56, 57, 56, 46, 57, 55, 47, 38, 58, 44, 64, 48, 57, 51, 52, 64, 41, 55, 36, 68, 57, 36, 49, 51, 34, 40, 55, 42]}, null, null, 31800, false, [], false, 0, [], null, 0, 1602020207.035456, 0, {}]
[{"0": [44, 42, 37, 44, 51, 53, 48, 51, 38, 55, 68, 47, 88, 48, 52, 50, 47, 53, 58, 46, 42, 42, 41, 64, 52, 48, 51, 43, 41, 47]}, null, null, 32000, false, [], false, 0, [], null, 0, 1602020284.7915955, 0, {}]
[{"0": [61, 187, 51, 51, 59, 50, 54, 58, 39, 59, 47, 68, 57, 39, 53, 53, 58, 56, 36, 55, 41, 46, 51, 56, 62, 49, 50, 45, 57, 44]}, null, null, 32200, false, [], false, 0, [], null, 0, 1602020355.7726388, 0, {}]
[{"0": [40, 59, 97, 51, 30, 38, 51, 31, 50, 169, 49, 45, 34, 51, 51, 43, 60, 58, 49, 54, 44, 40, 44, 53, 49, 62, 44, 48, 41, 49]}, null, null, 32400, false, [], false, 0, [], null, 0, 1602020405.074072, 0, {}]
[{"0": [706, 34, 52, 54, 44, 66, 29, 56, 50, 44, 45, 44, 49, 39, 46, 48, 39, 36, 403, 162, 2356, 49, 57, 57, 43, 150, 57, 40, 38, 32]}, null, null, 32600, false, [], false, 0, [], null, 0, 1602020484.9822721, 0, {}]
[{"0": [661, 53, 47, 47, 56, 52, 43, 45, 58, 51, 30, 74, 47, 49, 88, 82, 72, 58, 47, 46, 41, 61, 74, 48, 41, 36, 103, 35, 52, 49]}, null, null, 32800, false, [], false, 0, [], null, 0, 1602020538.963771, 0, {}]
[{"0": [36, 53, 39, 34, 33, 33, 69, 57, 61, 76, 484, 391, 66, 47, 55, 64, 58, 958, 49, 42, 37, 39, 146, 81, 54, 39, 47, 40, 39, 46]}, null, null, 33000, false, [], false, 0, [], null, 0, 1602020618.4125621, 0, {}]
[{"0": [31, 42, 47, 43, 47, 53, 86, 52, 45, 48, 40, 64, 43, 295, 55, 49, 44, 82, 104, 44, 42, 45, 48, 41, 53, 51, 40, 79, 88, 56]}, null, null, 33200, false, [], false, 0, [], null, 0, 1602020677.132295, 0, {}]
[{"0": [74, 312, 1166, 77, 68, 57, 63, 55, 87, 50, 51, 64, 51, 75, 53, 37, 49, 48, 44, 42, 49, 56, 42, 63, 137, 56, 50, 445, 98, 289]}, null, null, 33400, false, [], false, 0, [], null, 0, 1602020750.5259676, 0, {}]
[{"0": [49, 40, 43, 52, 188, 56, 42, 34, 55, 59, 55, 61, 36, 38, 40, 54, 40, 48, 28, 82, 161, 245, 71, 1575, 800, 77, 56, 64, 44, 51]}, null, null, 33600, false, [], false, 0, [], null, 0, 1602020808.820101, 0, {}]
[{"0": [291, 49, 49, 45, 72, 112, 193, 48, 50, 38, 51, 47, 35, 38, 56, 72, 57, 113, 86, 183, 51, 65, 59, 49, 47, 46, 117, 38, 33, 61]}, null, null, 33800, false, [], false, 0, [], null, 0, 1602020886.7957234, 0, {}]
[{"0": [43, 54, 57, 44, 49, 50, 36, 59, 44, 53, 86, 50, 46, 107, 71, 186, 103, 43, 48, 56, 44, 83, 165, 41, 46, 49, 47, 59, 59, 42]}, null, null, 34000, false, [], false, 0, [], null, 0, 1602020941.8447564, 0, {}]
[{"0": [41, 55, 33, 56, 43, 48, 164, 70, 50, 76, 180, 69, 92, 64, 63, 52, 141, 346, 69, 38, 48, 44, 85, 62, 37, 46, 46, 48, 60, 53]}, null, null, 34200, false, [], false, 0, [], null, 0, 1602021017.760324, 0, {}]
[{"0": [50, 54, 521, 49, 53, 77, 68, 52, 86, 40, 61, 61, 69, 152, 85, 45, 34, 57, 63, 46, 52, 45, 33, 56, 61, 59, 38, 49, 228, 43]}, null, null, 34400, false, [], false, 0, [], null, 0, 1602021079.080649, 0, {}]
[{"0": [52, 783, 64, 64, 80, 56, 40, 50, 54, 180, 48, 36, 32, 78, 48, 64, 54, 47, 40, 48, 48, 55, 54, 67, 89, 48, 149, 50, 151, 67]}, null, null, 34600, false, [], false, 0, [], null, 0, 1602021148.9317427, 0, {}]
[{"0": [69, 53, 44, 50, 63, 68, 50, 40, 54, 43, 42, 55, 54, 45, 50, 49, 47, 44, 52, 71, 54, 925, 50, 674, 64, 67, 55, 57, 66, 85]}, null, null, 34800, false, [], false, 0, [], null, 0, 1602021212.5157585, 0, {}]
[{"0": [57, 47, 51, 39, 49, 66, 67, 44, 65, 43, 51, 45, 77, 56, 50, 58, 40, 164, 48, 66, 50, 71, 60, 56, 71, 38, 60, 78, 41, 56]}, null, null, 35000, false, [], false, 0, [], null, 0, 1602021282.7023427, 0, {}]
[{"0": [65, 49, 70, 53, 52, 48, 40, 46, 59, 57, 60, 55, 51, 52, 57, 53, 44, 52, 71, 59, 51, 47, 771, 48, 47, 53, 42, 56, 47, 45]}, null, null, 35200, false, [], false, 0, [], null, 0, 1602021350.6707335, 0, {}]
[{"0": [36, 49, 49, 39, 53, 51, 58, 67, 62, 58, 101, 69, 83, 76, 70, 53, 948, 69, 69, 54, 51, 56, 41, 45, 44, 37, 41, 36, 46, 106]}, null, null, 35400, false, [], false, 0, [], null, 0, 1602021453.3552184, 0, {}]
[{"0": [57, 48, 63, 49, 63, 64, 77, 133, 90, 62, 64, 91, 58, 84, 55, 51, 61, 53, 50, 123, 48, 46, 38, 43, 52, 64, 51, 43, 84, 45]}, null, null, 35600, false, [], false, 0, [], null, 0, 1602021541.8073714, 0, {}]
[{"0": [56, 60, 66, 59, 66, 66, 60, 81, 70, 51, 52, 56, 59, 51, 53, 56, 52, 39, 59, 51, 47, 54, 60, 53, 69, 171, 49, 52, 77, 61]}, null, null, 35800, false, [], false, 0, [], null, 0, 1602021608.4643865, 0, {}]
[{"0": [66, 88, 37, 57, 55, 68, 50, 51, 43, 54, 56, 64, 50, 45, 59, 51, 46, 33, 55, 96, 72, 80, 49, 53, 60, 56, 45, 74, 39, 61]}, null, null, 36000, false, [], false, 0, [], null, 0, 1602021673.7875667, 0, {}]
[{"0": [76, 89, 53, 41, 42, 55, 54, 66, 39, 41, 46, 57, 50, 44, 47, 61, 48, 35, 88, 72, 56, 58, 94, 70, 53, 55, 54, 96, 57, 38]}, null, null, 36200, false, [], false, 0, [], null, 0, 1602021738.2002432, 0, {}]
[{"0": [42, 88, 67, 47, 45, 56, 44, 51, 59, 38, 67, 56, 48, 49, 43, 57, 74, 49, 54, 39, 66, 45, 78, 57, 45, 41, 40, 54, 41, 53]}, null, null, 36400, false, [], false, 0, [], null, 0, 1602021801.1680617, 0, {}]
[{"0": [42, 50, 38, 58, 47, 49, 46, 53, 70, 54, 60, 47, 55, 78, 74, 53, 38, 47, 74, 198, 46, 54, 46, 39, 61, 50, 61, 46, 47, 45]}, null, null, 36600, false, [], false, 0, [], null, 0, 1602021866.6379957, 0, {}]
[{"0": [48, 48, 49, 117, 47, 62, 71, 77, 48, 52, 49, 76, 54, 68, 150, 37, 37, 46, 158, 41, 39, 43, 56, 55, 56, 47, 50, 55, 45, 61]}, null, null, 36800, false, [], false, 0, [], null, 0, 1602021935.8447802, 0, {}]
[{"0": [49, 51, 72, 167, 65, 53, 59, 70, 758, 69, 61, 64, 47, 56, 41, 47, 49, 41, 43, 35, 61, 50, 47, 50, 1062, 42, 50, 43, 65, 64]}, null, null, 37000, false, [], false, 0, [], null, 0, 1602021997.1120741, 0, {}]
[{"0": [45, 80, 40, 50, 53, 53, 63, 37, 51, 62, 38, 45, 49, 42, 39, 59, 50, 40, 43, 38, 62, 59, 53, 83, 60, 58, 115, 57, 39, 58]}, null, null, 37200, false, [], false, 0, [], null, 0, 1602022072.4481878, 0, {}]
[{"0": [62, 59, 55, 44, 58, 47, 38, 60, 59, 38, 51, 57, 38, 48, 53, 37, 49, 50, 64, 65, 63, 72, 759, 59, 62, 68, 67, 52, 54, 44]}, null, null, 37400, false, [], false, 0, [], null, 0, 1602022128.9503398, 0, {}]
[{"0": [45, 38, 49, 52, 45, 41, 47, 50, 53, 39, 49, 49, 47, 55, 34, 62, 76, 59, 50, 51, 44, 65, 47, 49, 51, 47, 43, 57, 46, 38]}, null, null, 37600, false, [], false, 0, [], null, 0, 1602022199.7860477, 0, {}]
[{"0": [43, 46, 45, 52, 141, 44, 71, 48, 51, 51, 133, 63, 43, 55, 56, 50, 52, 57, 272, 55, 51, 56, 42, 56, 59, 48, 46, 52, 46, 46]}, null, null, 37800, false, [], false, 0, [], null, 0, 1602022269.3751218, 0, {}]
[{"0": [45, 51, 50, 104, 55, 38, 52, 700, 59, 87, 51, 54, 49, 53, 44, 48, 51, 50, 42, 49, 46, 52, 44, 37, 48, 55, 49, 40, 51, 46]}, null, null, 38000, false, [], false, 0, [], null, 0, 1602022328.424302, 0, {}]
[{"0": [48, 55, 51, 60, 51, 48, 47, 64, 76, 55, 67, 38, 40, 47, 65, 50, 54, 53, 55, 45, 46, 38, 39, 47, 49, 82, 45, 41, 48, 40]}, null, null, 38200, false, [], false, 0, [], null, 0, 1602022399.9659078, 0, {}]
[{"0": [48, 139, 52, 57, 66, 74, 50, 57, 54, 47, 51, 48, 46, 50, 59, 42, 43, 47, 61, 45, 57, 130, 33, 54, 57, 41, 43, 41, 44, 70]}, null, null, 38400, false, [], false, 0, [], null, 0, 1602022462.4487343, 0, {}]
[{"0": [48, 60, 48, 51, 38, 51, 48, 46, 64, 64, 50, 49, 48, 44, 40, 49, 44, 43, 47, 59, 49, 40, 44, 45, 49, 54, 43, 61, 35, 48]}, null, null, 38600, false, [], false, 0, [], null, 0, 1602022530.1100857, 0, {}]
[{"0": [56, 48, 64, 66, 38, 48, 51, 52, 44, 37, 41, 39, 901, 62, 49, 39, 868, 59, 56, 44, 732, 39, 66, 57, 53, 50, 40, 57, 48, 43]}, null, null, 38800, false, [], false, 0, [], null, 0, 1602022595.742126, 0, {}]
[{"0": [46, 58, 53, 41, 41, 47, 43, 53, 55, 49, 38, 51, 48, 45, 62, 51, 55, 46, 67, 58, 38, 39, 49, 55, 48, 67, 54, 41, 32, 44]}, null, null, 39000, false, [], false, 0, [], null, 0, 1602022663.5343575, 0, {}]
[{"0": [74, 47, 32, 74, 72, 51, 46, 45, 49, 58, 37, 41, 39, 44, 58, 75, 46, 47, 56, 62, 36, 54, 49, 47, 51, 48, 39, 46, 40, 58]}, null, null, 39200, false, [], false, 0, [], null, 0, 1602022734.4082525, 0, {}]
[{"0": [60, 46, 38, 76, 48, 127, 46, 45, 52, 44, 53, 138, 44, 61, 47, 76, 54, 32, 53, 46, 28, 50, 45, 51, 41, 47, 28, 57, 39, 52]}, null, null, 39400, false, [], false, 0, [], null, 0, 1602022834.8400662, 0, {}]
[{"0": [68, 122, 55, 55, 61, 31, 81, 39, 49, 44, 49, 60, 59, 49, 32, 46, 51, 48, 37, 47, 40, 53, 46, 47, 53, 44, 63, 47, 42, 51]}, null, null, 39600, false, [], false, 0, [], null, 0, 1602022931.452232, 0, {}]
[{"0": [51, 31, 36, 40, 39, 48, 48, 50, 42, 40, 49, 48, 54, 52, 55, 34, 49, 42, 57, 43, 44, 64, 65, 61, 51, 47, 39, 44, 63, 48]}, null, null, 39800, false, [], false, 0, [], null, 0, 1602022984.3719447, 0, {}]
[{"0": [40, 38, 299, 44, 43, 44, 39, 42, 31, 42, 44, 57, 51, 46, 45, 47, 47, 44, 56, 46, 40, 47, 43, 74, 34, 47, 53, 48, 52, 60]}, null, null, 40000, true, [], false, 0, [], null, 0, 1602023035.5461638, 0, {}]
