[{"0": [1036, 38, 49, 45, 55, 55, 55, 49, 36, 63, 45, 39, 31, 40, 27, 44, 53, 53, 39, 41, 42, 53, 45, 52, 79, 56, 41, 44, 43, 53]}, null, null, 27600, false, [], false, 0, [], null, 0, 1602014367.1916218, 0, {}]
[{"0": [56, 41, 46, 44, 45, 38, 34, 45, 54, 49, 50, 49, 49, 48, 43, 42, 47, 56, 37, 45, 48, 47, 42, 40, 50, 61, 51, 50, 40, 48]}, null, null, 27800, false, [], false, 0, [], null, 0, 1602014453.4090943, 0, {}]
[{"0": [45, 39, 43, 43, 44, 45, 41, 49, 40, 45, 39, 32, 40, 34, 49, 49, 46, 52, 41, 35, 45, 40, 37, 42, 53, 52, 41, 30, 29, 35]}, null, null, 28000, false, [], false, 0, [], null, 0, 1602014557.009224, 0, {}]
[{"0": [55, 47, 42, 42, 53, 52, 39, 42, 50, 47, 43, 42, 43, 37, 39, 45, 47, 60, 44, 42, 51, 47, 39, 40, 46, 50, 57, 53, 40, 50]}, null, null, 28200, false, [], false, 0, [], null, 0, 1602014641.6587863, 0, {}]
[{"0": [37, 41, 42, 41, 40, 44, 50, 44, 42, 44, 33, 44, 48, 48, 41, 47, 59, 39, 55, 42, 57, 36, 50, 36, 48, 50, 53, 42, 41, 34]}, null, null, 28400, false, [], false, 0, [], null, 0, 1602014686.1653655, 0, {}]
[{"0": [37, 50, 55, 50, 53, 41, 49, 55, 61, 115, 34, 40, 36, 50, 49, 51, 50, 40, 43, 41, 37, 35, 51, 46, 60, 54, 43, 37, 44, 50]}, null, null, 28600, false, [], false, 0, [], null, 0, 1602014749.173606, 0, {}]
[{"0": [43, 51, 39, 44, 48, 53, 49, 45, 41, 44, 47, 45, 54, 39, 45, 52, 58, 44, 46, 44, 53, 47, 45, 43, 52, 43, 45, 53, 59, 42]}, null, null, 28800, false, [], false, 0, [], null, 0, 1602014821.3640811, 0, {}]
[{"0": [46, 476, 56, 61, 80, 42, 40, 46, 44, 60, 58, 46, 50, 46, 50, 40, 34, 37, 43, 48, 54, 44, 46, 33, 59, 44, 51, 43, 41, 60]}, null, null, 29000, false, [], false, 0, [], null, 0, 1602014881.2525356, 0, {}]
[{"0": [55, 66, 55, 61, 71, 69, 48, 50, 48, 32, 51, 54, 47, 59, 47, 35, 43, 39, 45, 47, 43, 56, 46, 59, 57, 40, 43, 62, 39, 56]}, null, null, 29200, false, [], false, 0, [], null, 0, 1602014948.8451886, 0, {}]
[{"0": [47, 37, 36, 52, 31, 62, 53, 47, 33, 40, 55, 47, 56, 56, 42, 57, 31, 52, 38, 46, 41, 546, 122, 52, 54, 118, 50, 63, 48, 37]}, null, null, 29400, false, [], false, 0, [], null, 0, 1602015007.6489098, 0, {}]
[{"0": [44, 47, 42, 42, 55, 45, 35, 28, 32, 39, 51, 72, 69, 72, 51, 42, 656, 48, 53, 49, 66, 96, 54, 40, 42, 35, 44, 45, 56, 45]}, null, null, 29600, false, [], false, 0, [], null, 0, 1602015079.9456666, 0, {}]
[{"0": [48, 44, 62, 39, 42, 46, 52, 45, 47, 28, 55, 108, 144, 56, 37, 45, 52, 63, 702, 40, 37, 46, 57, 35, 39, 39, 47, 47, 50, 51]}, null, null, 29800, false, [], false, 0, [], null, 0, 1602015134.730064, 0, {}]
[{"0": [41, 66, 54, 47, 42, 58, 53, 32, 55, 65, 55, 38, 144, 65, 42, 47, 38, 39, 51, 44, 58, 61, 56, 43, 31, 74, 37, 39, 48, 37]}, null, null, 30000, false, [], false, 0, [], null, 0, 1602015217.3766062, 0, {}]
[{"0": [52, 47, 47, 62, 56, 44, 57, 61, 44, 59, 47, 55, 36, 49, 40, 57, 50, 51, 52, 60, 48, 33, 41, 42, 41, 44, 57, 50, 55, 46]}, null, null, 30200, false, [], false, 0, [], null, 0, 1602015269.1946514, 0, {}]
[{"0": [42, 69, 49, 55, 42, 44, 56, 38, 47, 39, 49, 63, 59, 40, 52, 60, 51, 55, 41, 38, 53, 44, 41, 51, 72, 124, 42, 42, 48, 68]}, null, null, 30400, false, [], false, 0, [], null, 0, 1602015342.4632301, 0, {}]
[{"0": [48, 43, 46, 37, 43, 51, 47, 44, 49, 45, 42, 46, 55, 88, 49, 42, 44, 39, 38, 47, 51, 60, 39, 57, 46, 43, 46, 56, 45, 37]}, null, null, 30600, false, [], false, 0, [], null, 0, 1602015445.6709356, 0, {}]
[{"0": [41, 142, 45, 50, 42, 50, 42, 49, 32, 44, 35, 49, 35, 48, 56, 41, 32, 45, 53, 38, 53, 36, 45, 67, 32, 40, 52, 89, 42, 45]}, null, null, 30800, false, [], false, 0, [], null, 0, 1602015543.4417405, 0, {}]
[{"0": [57, 38, 49, 41, 108, 40, 44, 45, 57, 44, 42, 47, 39, 43, 62, 59, 56, 43, 40, 48, 57, 44, 37, 66, 42, 37, 42, 43, 47, 41]}, null, null, 31000, false, [], false, 0, [], null, 0, 1602015597.7578957, 0, {}]
[{"0": [47, 49, 40, 47, 33, 56, 43, 857, 41, 48, 57, 42, 55, 46, 55, 52, 40, 55, 46, 45, 53, 45, 52, 46, 44, 53, 64, 70, 43, 46]}, null, null, 31200, false, [], false, 0, [], null, 0, 1602015647.6315725, 0, {}]
[{"0": [49, 50, 39, 40, 53, 61, 38, 45, 39, 47, 52, 46, 47, 48, 47, 41, 60, 58, 50, 45, 48, 40, 51, 59, 49, 44, 63, 54, 52, 57]}, null, null, 31400, false, [], false, 0, [], null, 0, 1602015737.4462295, 0, {}]
[{"0": [38, 49, 42, 27, 49, 43, 56, 55, 43, 43, 49, 39, 54, 44, 36, 49, 54, 45, 51, 48, 52, 52, 45, 41, 43, 39, 55, 45, 36, 36]}, null, null, 31600, false, [], false, 0, [], null, 0, 1602015799.9694667, 0, {}]
[{"0": [53, 53, 53, 47, 59, 52, 49, 47, 57, 47, 56, 46, 35, 36, 53, 36, 44, 63, 47, 46, 51, 52, 48, 34, 43, 39, 40, 49, 45, 60]}, null, null, 31800, false, [], false, 0, [], null, 0, 1602015845.211887, 0, {}]
[{"0": [51, 58, 49, 52, 38, 54, 51, 50, 47, 50, 51, 43, 35, 46, 36, 41, 35, 44, 40, 38, 49, 33, 60, 48, 47, 47, 56, 38, 38, 48]}, null, null, 32000, false, [], false, 0, [], null, 0, 1602015928.973739, 0, {}]
[{"0": [46, 50, 45, 54, 44, 33, 75, 49, 49, 59, 39, 36, 49, 74, 799, 41, 43, 53, 45, 47, 45, 38, 39, 68, 39, 51, 39, 62, 48, 53]}, null, null, 32200, false, [], false, 0, [], null, 0, 1602016000.942062, 0, {}]
[{"0": [36, 39, 44, 48, 49, 45, 50, 54, 43, 52, 64, 39, 52, 46, 42, 48, 37, 49, 52, 94, 66, 47, 52, 47, 50, 33, 42, 39, 34, 53]}, null, null, 32400, false, [], false, 0, [], null, 0, 1602016044.2283022, 0, {}]
[{"0": [173, 40, 61, 58, 273, 46, 49, 72, 44, 45, 59, 52, 42, 39, 52, 208, 43, 59, 44, 30, 50, 55, 63, 40, 42, 80, 57, 39, 2460, 49]}, null, null, 32600, false, [], false, 0, [], null, 0, 1602016118.818887, 0, {}]
[{"0": [101, 46, 45, 49, 50, 42, 202, 41, 54, 42, 40, 90, 53, 38, 45, 50, 53, 43, 44, 46, 43, 51, 35, 45, 60, 61, 1585, 58, 47, 72]}, null, null, 32800, false, [], false, 0, [], null, 0, 1602016200.7355945, 0, {}]
[{"0": [54, 64, 95, 39, 51, 38, 234, 44, 82, 61, 37, 43, 45, 41, 52, 50, 50, 1018, 88, 34, 188, 185, 3570, 52, 27, 62, 83, 36, 239, 46]}, null, null, 33000, false, [], false, 0, [], null, 0, 1602016244.417071, 0, {}]
[{"0": [52, 39, 84, 85, 100, 41, 33, 41, 61, 56, 42, 41, 59, 221, 55, 182, 976, 609, 494, 50, 47, 52, 40, 860, 52, 33, 49, 45, 843, 52]}, null, null, 33200, false, [], false, 0, [], null, 0, 1602016310.173651, 0, {}]
[{"0": [59, 38, 56, 45, 53, 74, 35, 36, 73, 156, 81, 85, 3057, 935, 374, 48, 43, 59, 51, 1619, 60, 44, 45, 41, 50, 63, 36, 43, 47, 43]}, null, null, 33400, false, [], false, 0, [], null, 0, 1602016387.0027957, 0, {}]
[{"0": [57, 55, 47, 34, 1116, 52, 50, 206, 5796, 51, 335, 151, 51, 74, 54, 1277, 48, 49, 39, 115, 42, 203, 35, 42, 43, 51, 37, 53, 49, 55]}, null, null, 33600, false, [], false, 0, [], null, 0, 1602016453.3057938, 0, {}]
[{"0": [130, 1073, 199, 1932, 1310, 184, 45, 63, 169, 66, 527, 505, 61, 44, 53, 771, 131, 55, 42, 36, 51, 60, 52, 57, 43, 54, 48, 531, 633, 1348]}, null, null, 33800, false, [], false, 0, [], null, 0, 1602016520.9477787, 0, {}]
[{"0": [1014, 272, 56, 70, 59, 38, 1115, 47, 44, 41, 37, 72, 174, 59, 60, 38, 37, 65, 53, 67, 42, 85, 102, 67, 685, 763, 65, 50, 74, 48]}, null, null, 34000, false, [], false, 0, [], null, 0, 1602016589.7100432, 0, {}]
[{"0": [54, 63, 120, 39, 39, 37, 48, 227, 54, 45, 42, 36, 41, 60, 69, 39, 45, 82, 42, 812, 36, 532, 77, 279, 53, 54, 53, 374, 406, 43]}, null, null, 34200, false, [], false, 0, [], null, 0, 1602016678.8616796, 0, {}]
[{"0": [51, 51, 39, 68, 71, 39, 39, 44, 48, 54, 83, 36, 49, 66, 80, 80, 82, 96, 62, 69, 46, 87, 89, 68, 807, 34, 47, 45, 77, 78]}, null, null, 34400, false, [], false, 0, [], null, 0, 1602016782.3952792, 0, {}]
[{"0": [60, 39, 42, 40, 40, 60, 51, 38, 139, 63, 63, 66, 71, 783, 67, 61, 41, 70, 73, 53, 57, 45, 44, 49, 66, 52, 59, 38, 38, 52]}, null, null, 34600, false, [], false, 0, [], null, 0, 1602016856.4082954, 0, {}]
[{"0": [44, 35, 41, 53, 55, 52, 55, 50, 45, 220, 60, 73, 51, 47, 59, 89, 48, 47, 59, 72, 58, 59, 51, 37, 52, 50, 51, 39, 45, 108]}, null, null, 34800, false, [], false, 0, [], null, 0, 1602016899.485184, 0, {}]
[{"0": [75, 37, 57, 708, 112, 88, 51, 80, 32, 73, 68, 161, 52, 46, 44, 59, 95, 60, 40, 43, 43, 44, 43, 42, 46, 48, 46, 53, 71, 149]}, null, null, 35000, false, [], false, 0, [], null, 0, 1602016972.4340637, 0, {}]
[{"0": [46, 52, 111, 74, 89, 67, 76, 268, 50, 61, 88, 44, 56, 68, 34, 52, 55, 60, 54, 60, 44, 66, 111, 68, 50, 65, 60, 171, 59, 48]}, null, null, 35200, false, [], false, 0, [], null, 0, 1602017055.8772213, 0, {}]
[{"0": [59, 77, 71, 57, 51, 39, 49, 68, 46, 49, 55, 48, 58, 48, 53, 49, 62, 70, 79, 37, 111, 65, 81, 60, 67, 62, 69, 53, 60, 52]}, null, null, 35400, false, [], false, 0, [], null, 0, 1602017103.6470222, 0, {}]
[{"0": [50, 49, 55, 67, 65, 35, 47, 41, 35, 41, 47, 46, 52, 58, 72, 55, 83, 90, 50, 56, 783, 46, 49, 1500, 54, 82, 53, 48, 71, 72]}, null, null, 35600, false, [], false, 0, [], null, 0, 1602017182.196096, 0, {}]
[{"0": [45, 43, 41, 49, 41, 51, 43, 34, 88, 54, 39, 45, 174, 133, 53, 62, 67, 78, 54, 73, 166, 46, 41, 49, 59, 617, 58, 50, 47, 35]}, null, null, 35800, false, [], false, 0, [], null, 0, 1602017253.4026716, 0, {}]
[{"0": [47, 48, 45, 45, 68, 86, 53, 76, 61, 81, 60, 77, 47, 57, 70, 91, 56, 53, 58, 73, 179, 114, 49, 44, 43, 41, 50, 47, 58, 56]}, null, null, 36000, false, [], false, 0, [], null, 0, 1602017303.0806494, 0, {}]
[{"0": [68, 165, 66, 73, 61, 82, 51, 59, 46, 88, 80, 68, 37, 43, 47, 77, 46, 64, 58, 48, 38, 49, 69, 44, 50, 78, 50, 48, 47, 57]}, null, null, 36200, false, [], false, 0, [], null, 0, 1602017389.1789203, 0, {}]
[{"0": [792, 51, 146, 69, 54, 77, 863, 136, 54, 50, 47, 66, 52, 76, 55, 50, 47, 45, 55, 40, 50, 59, 65, 49, 49, 53, 53, 213, 55, 69]}, null, null, 36400, false, [], false, 0, [], null, 0, 1602017449.1098971, 0, {}]
[{"0": [53, 168, 52, 62, 50, 50, 50, 39, 38, 46, 51, 49, 59, 39, 45, 40, 41, 751, 99, 44, 83, 49, 75, 72, 69, 59, 52, 72, 62, 51]}, null, null, 36600, false, [], false, 0, [], null, 0, 1602017495.4573224, 0, {}]
[{"0": [61, 43, 67, 129, 74, 45, 59, 45, 43, 51, 43, 55, 39, 58, 44, 68, 50, 50, 67, 68, 66, 102, 55, 46, 86, 54, 49, 42, 42, 63]}, null, null, 36800, false, [], false, 0, [], null, 0, 1602017581.6061704, 0, {}]
[{"0": [68, 46, 50, 30, 79, 44, 48, 81, 44, 51, 52, 54, 52, 40, 64, 88, 40, 43, 74, 50, 74, 46, 41, 40, 39, 92, 50, 51, 56, 54]}, null, null, 37000, false, [], false, 0, [], null, 0, 1602017650.4946153, 0, {}]
[{"0": [57, 59, 54, 56, 66, 59, 65, 68, 727, 45, 84, 60, 782, 63, 60, 42, 61, 59, 47, 45, 48, 68, 40, 44, 37, 41, 52, 49, 46, 42]}, null, null, 37200, false, [], false, 0, [], null, 0, 1602017700.9895518, 0, {}]
[{"0": [66, 55, 46, 744, 59, 104, 53, 51, 48, 143, 61, 69, 53, 40, 68, 42, 57, 53, 46, 46, 45, 45, 51, 39, 40, 47, 100, 50, 50, 51]}, null, null, 37400, false, [], false, 0, [], null, 0, 1602017781.0658042, 0, {}]
[{"0": [161, 63, 713, 48, 41, 47, 55, 56, 52, 57, 40, 51, 71, 79, 55, 46, 58, 60, 49, 51, 64, 40, 72, 49, 49, 142, 42, 59, 73, 60]}, null, null, 37600, false, [], false, 0, [], null, 0, 1602017831.5011742, 0, {}]
[{"0": [57, 59, 84, 72, 52, 63, 41, 52, 60, 46, 25, 63, 47, 55, 89, 53, 34, 65, 71, 50, 62, 67, 54, 698, 64, 57, 61, 152, 56, 62]}, null, null, 37800, false, [], false, 0, [], null, 0, 1602017902.2898455, 0, {}]
[{"0": [42, 52, 56, 151, 84, 53, 56, 62, 45, 33, 59, 67, 48, 53, 56, 67, 47, 68, 48, 59, 57, 67, 58, 89, 54, 60, 43, 48, 47, 45]}, null, null, 38000, false, [], false, 0, [], null, 0, 1602017982.4432533, 0, {}]
[{"0": [50, 53, 50, 58, 43, 49, 45, 61, 57, 52, 46, 57, 49, 53, 66, 97, 55, 50, 52, 53, 57, 47, 54, 53, 57, 54, 57, 49, 52, 52]}, null, null, 38200, false, [], false, 0, [], null, 0, 1602018030.3842893, 0, {}]
[{"0": [60, 36, 61, 44, 38, 53, 52, 45, 54, 93, 62, 51, 56, 40, 76, 57, 49, 51, 47, 65, 51, 46, 38, 58, 50, 58, 55, 740, 52, 59]}, null, null, 38400, false, [], false, 0, [], null, 0, 1602018111.5904446, 0, {}]
[{"0": [51, 53, 47, 49, 68, 49, 67, 67, 77, 46, 44, 148, 47, 48, 38, 54, 44, 104, 55, 54, 53, 37, 59, 48, 44, 41, 61, 44, 64, 43]}, null, null, 38600, false, [], false, 0, [], null, 0, 1602018215.1014364, 0, {}]
[{"0": [41, 42, 47, 55, 66, 45, 61, 54, 66, 52, 41, 45, 44, 61, 53, 59, 49, 40, 46, 44, 49, 60, 39, 40, 51, 43, 62, 67, 76, 39]}, null, null, 38800, false, [], false, 0, [], null, 0, 1602018305.0547512, 0, {}]
[{"0": [50, 165, 54, 661, 37, 48, 55, 63, 44, 50, 44, 60, 52, 37, 55, 61, 50, 67, 48, 73, 44, 65, 64, 52, 47, 763, 55, 2025, 164, 53]}, null, null, 39000, false, [], false, 0, [], null, 0, 1602018351.8111086, 0, {}]
[{"0": [42, 45, 51, 55, 55, 37, 38, 58, 54, 55, 55, 44, 54, 49, 57, 49, 52, 50, 48, 35, 52, 71, 76, 38, 67, 48, 51, 50, 44, 46]}, null, null, 39200, false, [], false, 0, [], null, 0, 1602018410.057694, 0, {}]
[{"0": [54, 41, 65, 43, 42, 56, 51, 37, 69, 43, 57, 59, 48, 49, 48, 56, 42, 53, 40, 72, 60, 56, 40, 40, 44, 51, 44, 39, 53, 50]}, null, null, 39400, false, [], false, 0, [], null, 0, 1602018501.4557014, 0, {}]
[{"0": [50, 56, 49, 48, 57, 46, 54, 55, 1081, 61, 43, 62, 68, 44, 57, 61, 51, 43, 60, 44, 102, 41, 52, 43, 51, 46, 51, 40, 38, 45]}, null, null, 39600, false, [], false, 0, [], null, 0, 1602018556.9020782, 0, {}]
[{"0": [37, 45, 55, 39, 70, 44, 60, 45, 54, 33, 53, 43, 58, 54, 44, 60, 130, 41, 55, 46, 41, 48, 50, 67, 63, 50, 39, 54, 41, 55]}, null, null, 39800, false, [], false, 0, [], null, 0, 1602018624.6422215, 0, {}]
[{"0": [48, 71, 49, 57, 57, 743, 56, 41, 138, 53, 48, 32, 63, 44, 44, 51, 39, 55, 51, 68, 58, 57, 64, 58, 45, 53, 35, 46, 44, 65]}, null, null, 40000, true, [], false, 0, [], null, 0, 1602018683.0464284, 0, {}]
