[{"0": [41, 56, 42, 43, 45, 52, 31, 44, 59, 29, 38, 48, 43, 50, 37, 32, 40, 50, 671, 47, 40, 41, 50, 51, 46, 44, 36, 44, 32, 49]}, null, null, 27600, false, [], false, 0, [], null, 0, 1602023127.2414382, 0, {}]
[{"0": [48, 57, 58, 52, 48, 38, 37, 40, 43, 42, 47, 37, 42, 34, 40, 36, 40, 47, 46, 37, 39, 40, 48, 38, 56, 27, 40, 50, 45, 51]}, null, null, 27800, false, [], false, 0, [], null, 0, 1602023187.526129, 0, {}]
[{"0": [29, 49, 39, 38, 49, 45, 45, 52, 32, 43, 47, 42, 48, 49, 53, 44, 43, 40, 49, 40, 48, 50, 41, 39, 44, 44, 49, 42, 49, 53]}, null, null, 28000, false, [], false, 0, [], null, 0, 1602023233.85537, 0, {}]
[{"0": [36, 36, 39, 39, 47, 48, 43, 47, 52, 36, 36, 48, 31, 42, 44, 35, 43, 34, 45, 52, 46, 34, 48, 36, 30, 37, 37, 43, 52, 53]}, null, null, 28200, false, [], false, 0, [], null, 0, 1602023318.1162283, 0, {}]
[{"0": [47, 56, 41, 53, 41, 42, 50, 38, 43, 42, 38, 41, 30, 49, 60, 56, 35, 41, 39, 44, 520, 46, 43, 50, 49, 36, 34, 30, 48, 40]}, null, null, 28400, false, [], false, 0, [], null, 0, 1602023380.398629, 0, {}]
[{"0": [47, 37, 44, 41, 34, 45, 46, 45, 37, 35, 30, 39, 43, 34, 57, 44, 46, 35, 29, 45, 43, 51, 54, 44, 51, 46, 38, 45, 46, 52]}, null, null, 28600, false, [], false, 0, [], null, 0, 1602023420.8686225, 0, {}]
[{"0": [43, 33, 42, 36, 53, 46, 44, 36, 44, 58, 33, 47, 44, 32, 31, 32, 48, 49, 46, 35, 38, 42, 34, 47, 42, 40, 34, 47, 39, 35]}, null, null, 28800, false, [], false, 0, [], null, 0, 1602023494.4685626, 0, {}]
[{"0": [33, 43, 49, 44, 43, 47, 39, 43, 60, 46, 45, 49, 34, 39, 47, 40, 37, 45, 39, 51, 44, 46, 33, 40, 40, 29, 32, 43, 38, 41]}, null, null, 29000, false, [], false, 0, [], null, 0, 1602023575.0240605, 0, {}]
[{"0": [40, 41, 40, 564, 59, 33, 52, 37, 43, 46, 38, 51, 55, 34, 49, 35, 54, 58, 35, 39, 40, 46, 48, 52, 46, 34, 50, 44, 47, 55]}, null, null, 29200, false, [], false, 0, [], null, 0, 1602023665.8253121, 0, {}]
[{"0": [31, 96, 41, 49, 49, 81, 39, 43, 47, 43, 41, 50, 48, 51, 39, 48, 54, 43, 41, 41, 40, 39, 38, 41, 36, 43, 45, 52, 36, 48]}, null, null, 29400, false, [], false, 0, [], null, 0, 1602023753.932796, 0, {}]
[{"0": [40, 44, 44, 43, 46, 29, 39, 45, 30, 48, 45, 41, 31, 44, 50, 50, 48, 44, 63, 55, 54, 57, 59, 44, 56, 45, 46, 40, 50, 37]}, null, null, 29600, false, [], false, 0, [], null, 0, 1602023802.5464656, 0, {}]
[{"0": [48, 39, 40, 44, 44, 37, 50, 37, 48, 51, 57, 49, 41, 50, 51, 71, 39, 54, 140, 70, 50, 38, 46, 45, 108, 48, 43, 48, 31, 51]}, null, null, 29800, false, [], false, 0, [], null, 0, 1602023875.505154, 0, {}]
[{"0": [43, 41, 46, 53, 40, 33, 33, 40, 55, 62, 46, 42, 56, 48, 47, 48, 51, 46, 41, 48, 148, 45, 36, 41, 656, 36, 37, 37, 40, 28]}, null, null, 30000, false, [], false, 0, [], null, 0, 1602023938.8065135, 0, {}]
[{"0": [45, 37, 61, 39, 56, 52, 50, 1290, 35, 33, 44, 78, 44, 123, 43, 67, 44, 36, 54, 47, 43, 52, 48, 39, 48, 55, 49, 56, 31, 43]}, null, null, 30200, false, [], false, 0, [], null, 0, 1602024005.5973673, 0, {}]
[{"0": [51, 57, 49, 51, 44, 48, 41, 48, 40, 41, 46, 54, 46, 44, 38, 53, 54, 57, 40, 53, 42, 39, 38, 47, 56, 48, 54, 61, 45, 43]}, null, null, 30400, false, [], false, 0, [], null, 0, 1602024079.1100156, 0, {}]
[{"0": [38, 43, 43, 43, 44, 52, 50, 55, 42, 45, 47, 50, 35, 55, 52, 40, 52, 44, 40, 58, 288, 41, 39, 39, 47, 39, 46, 43, 39, 42]}, null, null, 30600, false, [], false, 0, [], null, 0, 1602024130.9022918, 0, {}]
[{"0": [45, 42, 35, 47, 46, 45, 34, 73, 44, 47, 48, 58, 38, 44, 40, 50, 29, 37, 40, 33, 46, 35, 50, 63, 45, 51, 36, 56, 107, 31]}, null, null, 30800, false, [], false, 0, [], null, 0, 1602024206.1570618, 0, {}]
[{"0": [36, 45, 46, 31, 48, 44, 31, 50, 48, 35, 44, 42, 39, 36, 45, 46, 50, 49, 53, 43, 43, 47, 44, 35, 44, 46, 47, 44, 37, 69]}, null, null, 31000, false, [], false, 0, [], null, 0, 1602024264.5154874, 0, {}]
[{"0": [41, 42, 49, 36, 39, 52, 47, 48, 43, 42, 50, 47, 56, 46, 40, 51, 43, 37, 44, 53, 32, 38, 52, 42, 49, 49, 43, 56, 39, 43]}, null, null, 31200, false, [], false, 0, [], null, 0, 1602024340.8682432, 0, {}]
[{"0": [39, 52, 40, 39, 53, 43, 33, 36, 54, 45, 51, 55, 52, 47, 59, 48, 38, 48, 48, 40, 46, 52, 48, 50, 36, 43, 49, 51, 49, 43]}, null, null, 31400, false, [], false, 0, [], null, 0, 1602024388.4101257, 0, {}]
[{"0": [39, 44, 47, 73, 50, 51, 49, 56, 43, 49, 56, 44, 66, 62, 35, 37, 48, 40, 47, 44, 49, 37, 54, 52, 63, 65, 55, 47, 41, 56]}, null, null, 31600, false, [], false, 0, [], null, 0, 1602024468.2200918, 0, {}]
[{"0": [150, 51, 46, 57, 50, 47, 42, 46, 49, 43, 44, 44, 58, 56, 48, 43, 52, 43, 46, 49, 50, 51, 52, 131, 41, 30, 52, 51, 51, 40]}, null, null, 31800, false, [], false, 0, [], null, 0, 1602024537.5301814, 0, {}]
[{"0": [36, 54, 27, 29, 24, 19, 20, 15, 26, 19, 26, 17, 22, 21, 16, 25, 10, 25, 8, 18, 13, 12, 25, 22, 17, 14, 11, 16, 17, 13]}, null, null, 32000, false, [], false, 0, [], null, 0, 1602024610.4725475, 0, {}]
[{"0": [16, 13, 12, 18, 18, 20, 16, 15, 20, 8, 14, 14, 14, 14, 21, 14, 20, 18, 18, 23, 23, 13, 10, 10, 18, 15, 18, 15, 19, 14]}, null, null, 32200, false, [], false, 0, [], null, 0, 1602024713.7773852, 0, {}]
[{"0": [20, 21, 17, 12, 19, 12, 19, 12, 11, 20, 16, 21, 13, 25, 21, 16, 20, 12, 13, 18, 15, 28, 18, 12, 16, 26, 18, 16, 12, 18]}, null, null, 32400, false, [], false, 0, [], null, 0, 1602024780.7932417, 0, {}]
[{"0": [14, 11, 9, 16, 17, 17, 18, 20, 17, 34, 32, 43, 17, 15, 16, 18, 7, 23, 16, 13, 12, 36, 20, 14, 14, 10, 24, 15, 17, 16]}, null, null, 32600, false, [], false, 0, [], null, 0, 1602024843.4321942, 0, {}]
[{"0": [16, 11, 288, 28, 15, 316, 160, 12, 9, 17, 15, 14, 40, 26, 22, 14, 20, 155, 22, 11, 11, 19, 19, 15, 22, 20, 13, 10, 23, 15]}, null, null, 32800, false, [], false, 0, [], null, 0, 1602024907.885465, 0, {}]
[{"0": [26, 76, 26, 14, 37, 18, 15, 15, 48, 19, 18, 15, 25, 20, 17, 18, 14, 11, 19, 17, 21, 19, 31, 285, 59, 19, 52, 404, 1618, 15]}, null, null, 33000, false, [], false, 0, [], null, 0, 1602024972.4519362, 0, {}]
[{"0": [7, 16, 19, 143, 22, 17, 11, 11, 1088, 14, 18, 23, 14, 19, 18, 15, 15, 16, 22, 191, 32, 29, 874, 17, 136, 19, 12, 16, 15, 1517]}, null, null, 33200, false, [], false, 0, [], null, 0, 1602025039.6696587, 0, {}]
[{"0": [27, 11, 15, 17, 223, 18, 11, 16, 17, 14, 12, 20, 22, 16, 25, 46, 35, 19, 22, 21, 586, 10, 20, 20, 12, 365, 25, 19, 19, 17]}, null, null, 33400, false, [], false, 0, [], null, 0, 1602025103.8765426, 0, {}]
[{"0": [36, 19, 10, 13, 13, 16, 26, 18, 22, 13, 17, 64, 341, 433, 25, 22, 35, 15, 17, 10, 21, 610, 16, 11, 12, 31, 16, 18, 23, 20]}, null, null, 33600, false, [], false, 0, [], null, 0, 1602025178.7047346, 0, {}]
[{"0": [14, 9, 14, 20, 21, 21, 145, 194, 80, 367, 35, 10, 19, 22, 25, 9, 54, 23, 23, 14, 19, 18, 20, 42, 14, 15, 14, 19, 14, 28]}, null, null, 33800, false, [], false, 0, [], null, 0, 1602025235.1226788, 0, {}]
[{"0": [18, 19, 189, 450, 19, 35, 41, 32, 31, 19, 44, 23, 36, 28, 22, 18, 14, 23, 30, 21, 16, 6, 26, 11, 18, 23, 15, 475, 41, 30]}, null, null, 34000, false, [], false, 0, [], null, 0, 1602025311.6899302, 0, {}]
[{"0": [81, 21, 15, 18, 26, 15, 21, 26, 19, 13, 20, 16, 20, 14, 12, 10, 21, 22, 21, 12, 21, 13, 16, 296, 17, 22, 78, 34, 23, 17]}, null, null, 34200, false, [], false, 0, [], null, 0, 1602025364.6812682, 0, {}]
[{"0": [23, 17, 25, 26, 27, 16, 11, 9, 17, 18, 10, 20, 13, 16, 13, 19, 19, 20, 25, 33, 14, 15, 21, 22, 27, 19, 28, 25, 28, 35]}, null, null, 34400, false, [], false, 0, [], null, 0, 1602025443.2947505, 0, {}]
[{"0": [584, 23, 13, 7, 14, 19, 16, 21, 13, 11, 11, 18, 20, 15, 16, 24, 13, 15, 28, 12, 41, 24, 13, 19, 36, 29, 30, 20, 12, 14]}, null, null, 34600, false, [], false, 0, [], null, 0, 1602025497.3388665, 0, {}]
[{"0": [21, 18, 14, 15, 17, 17, 15, 19, 14, 25, 24, 22, 23, 23, 46, 13, 17, 16, 665, 28, 18, 27, 35, 16, 13, 15, 16, 15, 8, 14]}, null, null, 34800, false, [], false, 0, [], null, 0, 1602025576.3968318, 0, {}]
[{"0": [22, 21, 14, 65, 84, 21, 104, 18, 19, 19, 22, 20, 15, 27, 12, 32, 24, 651, 15, 14, 15, 17, 17, 18, 9, 16, 16, 22, 17, 12]}, null, null, 35000, false, [], false, 0, [], null, 0, 1602025633.3876712, 0, {}]
[{"0": [13, 25, 23, 108, 24, 19, 11, 22, 17, 21, 19, 23, 38, 10, 24, 13, 21, 13, 14, 19, 17, 16, 14, 9, 16, 12, 8, 12, 81, 36]}, null, null, 35200, false, [], false, 0, [], null, 0, 1602025695.6166368, 0, {}]
[{"0": [17, 40, 30, 170, 109, 22, 24, 25, 28, 14, 18, 13, 15, 26, 19, 9, 10, 12, 18, 16, 30, 17, 8, 32, 23, 12, 15, 18, 25, 20]}, null, null, 35400, false, [], false, 0, [], null, 0, 1602025773.5952244, 0, {}]
[{"0": [32, 17, 28, 20, 29, 14, 14, 14, 17, 7, 15, 14, 9, 18, 17, 16, 14, 15, 10, 14, 28, 19, 27, 46, 20, 17, 22, 13, 19, 24]}, null, null, 35600, false, [], false, 0, [], null, 0, 1602025832.0007215, 0, {}]
[{"0": [20, 15, 15, 21, 21, 9, 14, 16, 13, 13, 16, 9, 20, 14, 13, 17, 23, 13, 15, 31, 262, 15, 30, 12, 12, 36, 23, 18, 14, 19]}, null, null, 35800, false, [], false, 0, [], null, 0, 1602025929.4578655, 0, {}]
[{"0": [13, 23, 22, 18, 14, 14, 18, 19, 8, 25, 14, 35, 13, 15, 34, 12, 39, 12, 10, 26, 32, 15, 19, 14, 12, 12, 7, 19, 9, 9]}, null, null, 36000, false, [], false, 0, [], null, 0, 1602026030.2012663, 0, {}]
[{"0": [11, 15, 11, 11, 11, 10, 13, 23, 14, 13, 29, 31, 58, 22, 21, 26, 28, 20, 12, 23, 3, 19, 7, 12, 19, 13, 9, 16, 14, 19]}, null, null, 36200, false, [], false, 0, [], null, 0, 1602026088.7740889, 0, {}]
[{"0": [11, 7, 14, 14, 16, 10, 19, 14, 18, 7, 13, 16, 17, 22, 22, 11, 20, 16, 11, 35, 12, 23, 20, 15, 11, 10, 10, 17, 15, 19]}, null, null, 36400, false, [], false, 0, [], null, 0, 1602026145.4277413, 0, {}]
[{"0": [9, 21, 21, 21, 18, 9, 19, 16, 20, 14, 9, 13, 12, 21, 17, 18, 10, 13, 6, 8, 15, 14, 14, 16, 14, 18, 15, 21, 15, 11]}, null, null, 36600, false, [], false, 0, [], null, 0, 1602026223.3541412, 0, {}]
[{"0": [8, 9, 13, 19, 13, 15, 11, 21, 13, 11, 16, 10, 11, 16, 12, 8, 15, 22, 16, 13, 22, 15, 16, 16, 14, 12, 17, 9, 19, 13]}, null, null, 36800, false, [], false, 0, [], null, 0, 1602026279.5065036, 0, {}]
[{"0": [18, 15, 10, 14, 19, 16, 19, 14, 20, 18, 15, 14, 12, 18, 14, 17, 18, 13, 23, 21, 17, 19, 14, 11, 16, 16, 16, 18, 17, 13]}, null, null, 37000, false, [], false, 0, [], null, 0, 1602026343.5833724, 0, {}]
[{"0": [16, 18, 17, 17, 17, 7, 7, 12, 12, 14, 18, 13, 13, 13, 23, 13, 21, 18, 18, 18, 33, 18, 15, 13, 13, 12, 18, 14, 11, 13]}, null, null, 37200, false, [], false, 0, [], null, 0, 1602026410.4650059, 0, {}]
[{"0": [23, 12, 15, 10, 17, 5, 16, 16, 8, 14, 11, 14, 11, 17, 21, 16, 21, 11, 21, 16, 10, 16, 10, 13, 17, 15, 12, 9, 14, 18]}, null, null, 37400, false, [], false, 0, [], null, 0, 1602026467.144781, 0, {}]
[{"0": [11, 16, 17, 14, 20, 19, 18, 11, 14, 21, 60, 14, 27, 10, 12, 21, 15, 20, 12, 19, 7, 17, 18, 14, 14, 20, 14, 16, 9, 12]}, null, null, 37600, false, [], false, 0, [], null, 0, 1602026534.0298877, 0, {}]
[{"0": [11, 22, 15, 12, 18, 15, 13, 17, 16, 17, 23, 9, 17, 10, 9, 12, 15, 10, 17, 9, 16, 12, 11, 13, 22, 8, 11, 49, 19, 17]}, null, null, 37800, false, [], false, 0, [], null, 0, 1602026592.225448, 0, {}]
[{"0": [13, 12, 18, 20, 9, 25, 13, 15, 11, 18, 11, 12, 9, 10, 17, 13, 8, 10, 6, 12, 26, 14, 14, 311, 12, 27, 18, 10, 25, 19]}, null, null, 38000, false, [], false, 0, [], null, 0, 1602026690.3672583, 0, {}]
[{"0": [18, 17, 10, 16, 11, 18, 11, 9, 17, 9, 19, 15, 12, 9, 17, 9, 17, 11, 18, 11, 15, 11, 12, 19, 19, 16, 13, 18, 14, 6]}, null, null, 38200, false, [], false, 0, [], null, 0, 1602026791.355241, 0, {}]
[{"0": [10, 16, 20, 13, 12, 14, 9, 23, 10, 9, 9, 12, 22, 18, 10, 16, 15, 14, 17, 18, 9, 16, 18, 16, 13, 13, 6, 18, 13, 16]}, null, null, 38400, false, [], false, 0, [], null, 0, 1602026851.898921, 0, {}]
[{"0": [19, 18, 15, 11, 9, 9, 19, 19, 15, 13, 17, 23, 18, 8, 7, 16, 17, 20, 12, 12, 9, 13, 15, 13, 16, 11, 18, 13, 8, 16]}, null, null, 38600, false, [], false, 0, [], null, 0, 1602026907.3516474, 0, {}]
[{"0": [15, 13, 9, 12, 19, 14, 19, 16, 18, 16, 16, 13, 12, 15, 35, 13, 9, 21, 17, 11, 13, 15, 7, 12, 13, 13, 5, 16, 14, 12]}, null, null, 38800, false, [], false, 0, [], null, 0, 1602026986.0250175, 0, {}]
[{"0": [22, 13, 17, 24, 15, 9, 13, 16, 21, 10, 22, 23, 14, 9, 21, 11, 3, 9, 16, 23, 18, 18, 12, 8, 17, 16, 18, 17, 46, 15]}, null, null, 39000, false, [], false, 0, [], null, 0, 1602027030.7035701, 0, {}]
[{"0": [22, 14, 19, 40, 17, 22, 14, 17, 22, 17, 15, 11, 5, 12, 13, 14, 14, 19, 17, 19, 39, 9, 13, 25, 22, 10, 20, 11, 17, 12]}, null, null, 39200, false, [], false, 0, [], null, 0, 1602027095.8727777, 0, {}]
[{"0": [23, 22, 70, 20, 15, 12, 13, 7, 19, 20, 12, 14, 12, 17, 14, 30, 19, 15, 10, 20, 7, 9, 16, 19, 15, 22, 16, 18, 13, 15]}, null, null, 39400, false, [], false, 0, [], null, 0, 1602027179.8649251, 0, {}]
[{"0": [9, 8, 13, 12, 11, 14, 10, 8, 16, 17, 16, 12, 16, 12, 11, 21, 21, 12, 17, 11, 14, 50, 12, 7, 11, 12, 12, 19, 11, 9]}, null, null, 39600, false, [], false, 0, [], null, 0, 1602027223.5540378, 0, {}]
[{"0": [16, 8, 14, 17, 19, 15, 17, 19, 16, 23, 15, 16, 11, 13, 15, 20, 6, 18, 11, 17, 20, 12, 12, 19, 16, 13, 14, 17, 19, 16]}, null, null, 39800, false, [], false, 0, [], null, 0, 1602027277.5039644, 0, {}]
[{"0": [14, 11, 12, 23, 16, 13, 16, 20, 20, 14, 8, 57, 41, 13, 13, 14, 15, 17, 8, 17, 19, 20, 12, 14, 15, 8, 47, 21, 19, 13]}, null, null, 40000, true, [], false, 0, [], null, 0, 1602027366.9828808, 0, {}]
