[{"0": [23, 11, 18, 15, 12, 12, 11, 8, 10, 10, 14, 10, 15, 22, 18, 12, 17, 10, 18, 18, 11, 25, 13, 19, 16, 16, 7, 9, 17, 18]}, null, null, 27600, false, [], false, 0, [], null, 0, 1602027454.9731007, 0, {}]
[{"0": [16, 11, 10, 11, 17, 16, 16, 18, 21, 15, 16, 9, 15, 14, 24, 8, 20, 25, 18, 13, 15, 21, 21, 20, 16, 16, 14, 20, 19, 18]}, null, null, 27800, false, [], false, 0, [], null, 0, 1602027556.5928774, 0, {}]
[{"0": [20, 13, 19, 17, 14, 18, 14, 9, 11, 16, 16, 12, 14, 12, 14, 13, 15, 24, 16, 17, 17, 14, 20, 16, 11, 15, 12, 12, 12, 16]}, null, null, 28000, false, [], false, 0, [], null, 0, 1602027617.8944132, 0, {}]
[{"0": [12, 15, 15, 17, 14, 12, 23, 12, 14, 13, 13, 19, 18, 23, 15, 23, 8, 12, 11, 22, 27, 17, 18, 12, 15, 11, 18, 14, 15, 19]}, null, null, 28200, false, [], false, 0, [], null, 0, 1602027656.6865764, 0, {}]
[{"0": [13, 18, 11, 16, 14, 11, 15, 10, 19, 8, 22, 15, 19, 21, 18, 12, 20, 26, 11, 11, 11, 16, 12, 15, 13, 19, 16, 17, 21, 11]}, null, null, 28400, false, [], false, 0, [], null, 0, 1602027724.9447236, 0, {}]
[{"0": [23, 10, 19, 17, 12, 20, 15, 22, 21, 17, 8, 16, 13, 18, 6, 19, 15, 11, 7, 14, 16, 17, 16, 18, 16, 18, 11, 17, 17, 45]}, null, null, 28600, false, [], false, 0, [], null, 0, 1602027799.1571348, 0, {}]
[{"0": [15, 20, 18, 19, 18, 17, 17, 9, 11, 16, 16, 15, 14, 17, 14, 21, 21, 16, 15, 14, 13, 16, 11, 13, 12, 16, 17, 17, 22, 15]}, null, null, 28800, false, [], false, 0, [], null, 0, 1602027840.2723238, 0, {}]
[{"0": [18, 23, 19, 15, 19, 14, 20, 9, 11, 7, 16, 21, 13, 20, 6, 14, 24, 17, 16, 8, 22, 15, 18, 12, 25, 14, 12, 12, 10, 10]}, null, null, 29000, false, [], false, 0, [], null, 0, 1602027906.0749614, 0, {}]
[{"0": [27, 22, 16, 23, 12, 11, 10, 20, 25, 16, 12, 22, 19, 8, 15, 20, 15, 16, 21, 9, 16, 14, 18, 12, 13, 23, 26, 13, 16, 15]}, null, null, 29200, false, [], false, 0, [], null, 0, 1602027995.636582, 0, {}]
[{"0": [11, 16, 17, 10, 15, 15, 12, 15, 34, 11, 15, 26, 18, 16, 14, 17, 22, 16, 19, 17, 14, 22, 15, 11, 12, 20, 20, 9, 61, 17]}, null, null, 29400, false, [], false, 0, [], null, 0, 1602028097.4111464, 0, {}]
[{"0": [16, 19, 14, 25, 16, 22, 20, 15, 23, 14, 21, 19, 24, 12, 8, 21, 12, 12, 21, 24, 14, 15, 10, 15, 16, 12, 20, 21, 17, 13]}, null, null, 29600, false, [], false, 0, [], null, 0, 1602028173.2478433, 0, {}]
[{"0": [17, 9, 18, 15, 29, 17, 24, 19, 24, 10, 22, 12, 16, 18, 12, 19, 21, 13, 23, 18, 8, 27, 20, 18, 12, 12, 25, 18, 15, 30]}, null, null, 29800, false, [], false, 0, [], null, 0, 1602028213.7475145, 0, {}]
[{"0": [14, 11, 18, 23, 16, 16, 11, 17, 12, 23, 14, 16, 8, 17, 18, 16, 12, 14, 11, 14, 15, 24, 60, 9, 517, 21, 11, 15, 19, 14]}, null, null, 30000, false, [], false, 0, [], null, 0, 1602028275.462458, 0, {}]
[{"0": [11, 15, 27, 24, 18, 21, 19, 16, 21, 10, 23, 18, 19, 18, 9, 19, 21, 16, 20, 10, 22, 8, 10, 19, 19, 18, 19, 15, 18, 19]}, null, null, 30200, false, [], false, 0, [], null, 0, 1602028363.5134704, 0, {}]
[{"0": [19, 21, 38, 16, 19, 6, 13, 13, 21, 10, 18, 12, 23, 14, 54, 15, 23, 21, 14, 14, 15, 16, 14, 17, 15, 14, 20, 15, 19, 6]}, null, null, 30400, false, [], false, 0, [], null, 0, 1602028413.323324, 0, {}]
[{"0": [22, 13, 18, 16, 14, 14, 10, 17, 14, 23, 22, 18, 18, 15, 11, 16, 15, 10, 19, 21, 19, 19, 21, 18, 10, 17, 21, 18, 13, 10]}, null, null, 30600, false, [], false, 0, [], null, 0, 1602028481.5108118, 0, {}]
[{"0": [19, 16, 13, 11, 14, 18, 17, 16, 13, 15, 14, 22, 14, 26, 13, 14, 14, 18, 11, 14, 13, 6, 13, 19, 17, 9, 17, 24, 17, 12]}, null, null, 30800, false, [], false, 0, [], null, 0, 1602028538.8253703, 0, {}]
[{"0": [14, 20, 19, 17, 14, 14, 6, 22, 12, 17, 20, 23, 20, 15, 11, 13, 6, 20, 13, 15, 11, 13, 18, 12, 20, 23, 13, 16, 20, 17]}, null, null, 31000, false, [], false, 0, [], null, 0, 1602028612.168903, 0, {}]
[{"0": [26, 15, 11, 15, 17, 16, 17, 19, 34, 28, 19, 72, 16, 12, 15, 13, 22, 23, 17, 18, 15, 15, 13, 15, 13, 15, 12, 19, 14, 12]}, null, null, 31200, false, [], false, 0, [], null, 0, 1602028666.5210838, 0, {}]
[{"0": [19, 12, 11, 10, 19, 11, 15, 24, 14, 16, 17, 18, 12, 15, 15, 14, 16, 6, 16, 13, 13, 15, 12, 11, 18, 15, 15, 14, 12, 13]}, null, null, 31400, false, [], false, 0, [], null, 0, 1602028736.7574766, 0, {}]
[{"0": [10, 23, 12, 19, 12, 14, 19, 21, 20, 18, 17, 20, 15, 19, 10, 18, 10, 18, 9, 13, 16, 18, 6, 12, 12, 16, 8, 21, 17, 7]}, null, null, 31600, false, [], false, 0, [], null, 0, 1602028839.9822264, 0, {}]
[{"0": [21, 24, 17, 27, 17, 11, 10, 16, 13, 18, 13, 10, 24, 21, 14, 15, 12, 11, 7, 26, 27, 26, 11, 19, 9, 17, 10, 13, 17, 15]}, null, null, 31800, false, [], false, 0, [], null, 0, 1602028931.0167599, 0, {}]
[{"0": [25, 12, 8, 16, 17, 13, 20, 18, 13, 17, 23, 16, 12, 15, 16, 14, 18, 16, 17, 17, 20, 18, 12, 12, 21, 13, 9, 23, 13, 18]}, null, null, 32000, false, [], false, 0, [], null, 0, 1602028978.621989, 0, {}]
[{"0": [18, 18, 5, 15, 10, 16, 20, 20, 13, 13, 12, 21, 16, 16, 21, 12, 16, 15, 13, 19, 14, 12, 11, 24, 21, 13, 15, 11, 26, 7]}, null, null, 32200, false, [], false, 0, [], null, 0, 1602029035.6083462, 0, {}]
[{"0": [6, 19, 12, 16, 25, 15, 13, 12, 12, 17, 12, 11, 9, 10, 15, 15, 12, 19, 20, 17, 18, 21, 9, 9, 12, 15, 20, 12, 10, 10]}, null, null, 32400, false, [], false, 0, [], null, 0, 1602029122.3468924, 0, {}]
[{"0": [22, 17, 10, 23, 14, 19, 9, 27, 11, 16, 16, 25, 8, 13, 15, 15, 10, 23, 13, 13, 20, 11, 17, 30, 8, 85, 90, 1165, 21, 17]}, null, null, 32600, false, [], false, 0, [], null, 0, 1602029172.463716, 0, {}]
[{"0": [10, 26, 22, 15, 19, 12, 18, 23, 22, 8, 11, 18, 14, 13, 19, 11, 13, 12, 17, 14, 21, 311, 17, 18, 10, 18, 15, 18, 133, 14]}, null, null, 32800, false, [], false, 0, [], null, 0, 1602029235.8724692, 0, {}]
[{"0": [10, 11, 14, 372, 12, 12, 19, 14, 21, 10, 18, 2, 13, 16, 468, 18, 15, 38, 19, 15, 17, 12, 18, 14, 33, 16, 15, 6, 15, 51]}, null, null, 33000, false, [], false, 0, [], null, 0, 1602029302.8466294, 0, {}]
[{"0": [15, 11, 8, 22, 16, 16, 15, 16, 12, 270, 13, 34, 181, 114, 474, 37, 12, 21, 12, 16, 21, 22, 12, 9, 12, 29, 8, 9, 8, 21]}, null, null, 33200, false, [], false, 0, [], null, 0, 1602029368.7620828, 0, {}]
[{"0": [10, 12, 28, 12, 19, 76, 27, 16, 628, 16, 30, 20, 10, 16, 20, 38, 67, 18, 8, 11, 112, 13, 13, 13, 15, 8, 13, 14, 18, 11]}, null, null, 33400, false, [], false, 0, [], null, 0, 1602029436.8361206, 0, {}]
[{"0": [13, 47, 236, 63, 19, 14, 839, 20, 15, 16, 16, 30, 19, 14, 12, 8, 39, 14, 41, 22, 10, 14, 24, 18, 24, 18, 9, 34, 64, 40]}, null, null, 33600, false, [], false, 0, [], null, 0, 1602029502.5720885, 0, {}]
[{"0": [15, 13, 26, 12, 25, 15, 17, 12, 227, 19, 7, 14, 12, 12, 22, 21, 10, 12, 11, 12, 25, 12, 18, 25, 68, 51, 24, 21, 26, 13]}, null, null, 33800, false, [], false, 0, [], null, 0, 1602029565.7722318, 0, {}]
[{"0": [14, 9, 17, 17, 48, 12, 16, 11, 19, 25, 17, 15, 13, 11, 14, 16, 10, 13, 14, 21, 22, 12, 21, 14, 121, 35, 22, 19, 16, 16]}, null, null, 34000, false, [], false, 0, [], null, 0, 1602029635.1102545, 0, {}]
[{"0": [91, 10, 14, 15, 36, 24, 17, 15, 13, 13, 19, 20, 16, 19, 22, 74, 41, 15, 24, 23, 24, 37, 12, 22, 16, 72, 25, 4, 6, 11]}, null, null, 34200, false, [], false, 0, [], null, 0, 1602029719.328813, 0, {}]
[{"0": [18, 30, 19, 12, 54, 16, 13, 13, 19, 11, 34, 181, 263, 12, 23, 21, 22, 17, 20, 23, 15, 15, 35, 9, 12, 11, 23, 36, 30, 21]}, null, null, 34400, false, [], false, 0, [], null, 0, 1602029822.8015218, 0, {}]
[{"0": [12, 13, 13, 7, 11, 12, 46, 18, 18, 15, 13, 16, 14, 16, 44, 19, 15, 29, 47, 10, 10, 19, 20, 16, 18, 11, 14, 9, 16, 17]}, null, null, 34600, false, [], false, 0, [], null, 0, 1602029898.8313634, 0, {}]
[{"0": [11, 18, 22, 16, 14, 19, 14, 17, 24, 24, 18, 20, 16, 18, 20, 15, 10, 19, 11, 14, 21, 16, 14, 10, 12, 18, 14, 16, 44, 17]}, null, null, 34800, false, [], false, 0, [], null, 0, 1602029947.2024734, 0, {}]
[{"0": [11, 15, 22, 22, 44, 28, 15, 33, 14, 30, 24, 15, 10, 15, 21, 18, 13, 14, 11, 15, 4, 7, 18, 13, 20, 17, 24, 11, 18, 18]}, null, null, 35000, false, [], false, 0, [], null, 0, 1602030026.633424, 0, {}]
[{"0": [12, 24, 14, 30, 24, 15, 10, 20, 12, 27, 12, 79, 50, 33, 34, 47, 46, 54, 43, 38, 154, 55, 45, 113, 55, 50, 42, 69, 62, 84]}, null, null, 35200, false, [], false, 0, [], null, 0, 1602030079.9904263, 0, {}]
[{"0": [69, 80, 52, 56, 50, 76, 55, 54, 51, 54, 38, 48, 53, 50, 47, 48, 254, 99, 47, 257, 58, 53, 46, 46, 54, 74, 66, 243, 41, 40]}, null, null, 35400, false, [], false, 0, [], null, 0, 1602030144.846969, 0, {}]
[{"0": [45, 74, 50, 51, 39, 57, 45, 29, 74, 41, 44, 67, 65, 56, 45, 54, 52, 90, 82, 64, 52, 51, 54, 77, 47, 48, 48, 58, 70, 185]}, null, null, 35600, false, [], false, 0, [], null, 0, 1602030218.447417, 0, {}]
[{"0": [51, 44, 50, 47, 43, 42, 52, 50, 70, 42, 33, 63, 52, 63, 64, 56, 83, 53, 52, 54, 41, 43, 74, 57, 48, 45, 46, 43, 41, 51]}, null, null, 35800, false, [], false, 0, [], null, 0, 1602030278.3514414, 0, {}]
[{"0": [57, 67, 61, 45, 51, 42, 52, 69, 46, 97, 59, 64, 186, 57, 101, 51, 49, 52, 61, 57, 42, 53, 40, 50, 39, 53, 44, 43, 46, 62]}, null, null, 36000, false, [], false, 0, [], null, 0, 1602030348.310244, 0, {}]
[{"0": [53, 50, 59, 93, 66, 56, 50, 60, 45, 720, 183, 46, 44, 42, 69, 67, 89, 50, 46, 57, 53, 55, 48, 45, 764, 55, 52, 47, 56, 39]}, null, null, 36200, false, [], false, 0, [], null, 0, 1602030403.0697024, 0, {}]
[{"0": [74, 63, 40, 55, 384, 51, 658, 52, 35, 60, 56, 64, 48, 47, 51, 62, 48, 65, 43, 53, 73, 33, 72, 46, 57, 60, 39, 60, 50, 59]}, null, null, 36400, false, [], false, 0, [], null, 0, 1602030477.2088056, 0, {}]
[{"0": [58, 162, 52, 45, 54, 51, 84, 55, 59, 49, 38, 53, 44, 40, 63, 53, 89, 56, 69, 51, 56, 72, 52, 46, 46, 86, 161, 57, 55, 58]}, null, null, 36600, false, [], false, 0, [], null, 0, 1602030543.7208638, 0, {}]
[{"0": [51, 52, 83, 53, 61, 48, 38, 49, 49, 50, 38, 47, 72, 54, 46, 54, 45, 62, 60, 73, 742, 47, 45, 113, 45, 40, 51, 68, 59, 58]}, null, null, 36800, false, [], false, 0, [], null, 0, 1602030611.1554463, 0, {}]
[{"0": [40, 52, 36, 49, 41, 77, 48, 57, 73, 137, 56, 61, 49, 197, 48, 57, 71, 56, 68, 60, 37, 49, 53, 51, 147, 63, 53, 63, 69, 44]}, null, null, 37000, false, [], false, 0, [], null, 0, 1602030674.4335823, 0, {}]
[{"0": [56, 36, 57, 58, 70, 47, 49, 172, 66, 197, 57, 49, 44, 59, 38, 62, 55, 44, 60, 48, 63, 53, 56, 48, 43, 47, 55, 54, 54, 49]}, null, null, 37200, false, [], false, 0, [], null, 0, 1602030741.3938093, 0, {}]
[{"0": [59, 178, 68, 47, 78, 69, 72, 66, 57, 71, 153, 113, 46, 50, 55, 48, 132, 51, 55, 47, 40, 46, 49, 49, 50, 641, 53, 54, 41, 49]}, null, null, 37400, false, [], false, 0, [], null, 0, 1602030808.5830247, 0, {}]
[{"0": [65, 50, 49, 50, 66, 126, 151, 53, 63, 49, 74, 59, 50, 59, 60, 54, 48, 66, 66, 46, 57, 59, 55, 47, 54, 57, 80, 60, 43, 66]}, null, null, 37600, false, [], false, 0, [], null, 0, 1602030877.4333174, 0, {}]
[{"0": [1025, 55, 53, 60, 57, 55, 57, 51, 48, 60, 53, 46, 51, 167, 53, 45, 101, 54, 67, 65, 743, 60, 64, 56, 72, 58, 60, 86, 68, 47]}, null, null, 37800, false, [], false, 0, [], null, 0, 1602030956.1330779, 0, {}]
[{"0": [48, 63, 71, 45, 68, 66, 50, 52, 60, 49, 73, 57, 62, 73, 62, 52, 58, 47, 72, 80, 54, 70, 57, 46, 53, 65, 45, 49, 48, 59]}, null, null, 38000, false, [], false, 0, [], null, 0, 1602031059.4812565, 0, {}]
[{"0": [57, 41, 69, 47, 41, 42, 52, 46, 61, 57, 46, 64, 59, 55, 44, 59, 71, 80, 51, 65, 66, 49, 45, 56, 90, 68, 59, 68, 51, 61]}, null, null, 38200, false, [], false, 0, [], null, 0, 1602031142.7234144, 0, {}]
[{"0": [59, 83, 63, 51, 49, 67, 67, 723, 55, 55, 65, 66, 65, 55, 68, 154, 60, 47, 56, 51, 52, 53, 51, 59, 66, 68, 49, 62, 60, 62]}, null, null, 38400, false, [], false, 0, [], null, 0, 1602031190.4022348, 0, {}]
[{"0": [61, 79, 67, 791, 52, 56, 51, 48, 60, 56, 66, 65, 58, 57, 67, 61, 66, 68, 61, 70, 49, 42, 55, 59, 87, 70, 70, 48, 61, 103]}, null, null, 38600, false, [], false, 0, [], null, 0, 1602031269.3251128, 0, {}]
[{"0": [73, 57, 54, 61, 291, 1027, 42, 56, 49, 51, 57, 54, 65, 57, 69, 45, 71, 51, 61, 50, 66, 60, 56, 51, 55, 72, 73, 93, 73, 64]}, null, null, 38800, false, [], false, 0, [], null, 0, 1602031340.1148276, 0, {}]
[{"0": [81, 108, 54, 43, 68, 56, 76, 64, 74, 49, 49, 64, 49, 61, 44, 50, 68, 51, 61, 54, 62, 65, 52, 61, 49, 64, 61, 67, 43, 56]}, null, null, 39000, false, [], false, 0, [], null, 0, 1602031383.419394, 0, {}]
[{"0": [59, 54, 66, 81, 61, 60, 65, 69, 47, 54, 62, 55, 70, 54, 53, 55, 50, 57, 54, 58, 67, 43, 71, 57, 769, 54, 60, 49, 51, 60]}, null, null, 39200, false, [], false, 0, [], null, 0, 1602031459.258177, 0, {}]
[{"0": [54, 41, 55, 56, 65, 63, 59, 52, 52, 163, 49, 51, 63, 52, 73, 43, 52, 98, 51, 58, 51, 58, 58, 56, 41, 45, 41, 56, 58, 52]}, null, null, 39400, false, [], false, 0, [], null, 0, 1602031540.0224936, 0, {}]
[{"0": [74, 76, 58, 51, 111, 52, 56, 57, 60, 46, 623, 59, 41, 45, 47, 67, 41, 38, 62, 55, 54, 55, 58, 49, 58, 58, 50, 62, 52, 61]}, null, null, 39600, false, [], false, 0, [], null, 0, 1602031596.2770376, 0, {}]
[{"0": [38, 57, 55, 54, 37, 51, 60, 80, 73, 57, 64, 50, 63, 61, 53, 61, 65, 62, 34, 59, 60, 91, 41, 46, 67, 86, 63, 73, 52, 59]}, null, null, 39800, false, [], false, 0, [], null, 0, 1602031662.17239, 0, {}]
[{"0": [693, 63, 610, 67, 65, 48, 58, 56, 83, 56, 70, 1631, 46, 68, 50, 53, 48, 83, 38, 52, 51, 45, 65, 54, 63, 70, 45, 60, 70, 50]}, null, null, 40000, true, [], false, 0, [], null, 0, 1602031728.0508232, 0, {}]
