[{"0": [62, 60, 47, 48, 49, 54, 48, 53, 56, 63, 63, 62, 65, 56, 54, 59, 58, 43, 55, 49, 55, 58, 56, 53, 61, 64, 53, 53, 42, 53]}, null, null, 27600, false, [], false, 0, [], null, 0, 1602031796.1379826, 0, {}]
[{"0": [49, 47, 64, 52, 51, 57, 53, 47, 50, 57, 48, 52, 66, 47, 57, 48, 61, 68, 541, 65, 58, 66, 68, 55, 56, 52, 52, 46, 66, 62]}, null, null, 27800, false, [], false, 0, [], null, 0, 1602031859.9944482, 0, {}]
[{"0": [51, 49, 58, 49, 58, 54, 45, 57, 47, 59, 48, 57, 48, 53, 58, 52, 63, 60, 58, 90, 62, 60, 57, 58, 49, 50, 53, 47, 57, 53]}, null, null, 28000, false, [], false, 0, [], null, 0, 1602031921.7067828, 0, {}]
[{"0": [55, 53, 52, 62, 73, 58, 51, 67, 49, 58, 55, 53, 61, 49, 51, 47, 63, 60, 51, 48, 40, 57, 53, 46, 59, 70, 66, 49, 55, 69]}, null, null, 28200, false, [], false, 0, [], null, 0, 1602031987.413882, 0, {}]
[{"0": [56, 64, 51, 49, 53, 48, 51, 55, 54, 54, 70, 70, 54, 69, 50, 49, 59, 76, 55, 58, 64, 52, 55, 42, 56, 72, 48, 49, 66, 42]}, null, null, 28400, false, [], false, 0, [], null, 0, 1602032053.76022, 0, {}]
[{"0": [54, 57, 56, 53, 55, 48, 40, 50, 69, 46, 62, 56, 46, 60, 60, 56, 61, 55, 41, 59, 57, 48, 65, 51, 40, 469, 61, 49, 51, 67]}, null, null, 28600, false, [], false, 0, [], null, 0, 1602032153.6518652, 0, {}]
[{"0": [61, 63, 55, 51, 60, 42, 60, 54, 42, 48, 52, 57, 67, 63, 50, 54, 74, 55, 56, 43, 43, 55, 66, 52, 59, 58, 54, 40, 58, 53]}, null, null, 28800, false, [], false, 0, [], null, 0, 1602032246.6326113, 0, {}]
[{"0": [55, 40, 46, 46, 65, 60, 41, 60, 54, 50, 55, 42, 52, 49, 61, 85, 50, 56, 57, 54, 50, 64, 52, 49, 66, 51, 64, 57, 68, 57]}, null, null, 29000, false, [], false, 0, [], null, 0, 1602032296.1449535, 0, {}]
[{"0": [49, 53, 43, 56, 47, 55, 56, 51, 57, 62, 60, 52, 47, 74, 90, 64, 55, 50, 111, 68, 47, 60, 46, 45, 49, 53, 73, 52, 40, 56]}, null, null, 29200, false, [], false, 0, [], null, 0, 1602032350.6275241, 0, {}]
[{"0": [61, 60, 71, 58, 59, 69, 67, 54, 562, 57, 137, 53, 67, 58, 60, 61, 50, 55, 59, 54, 61, 45, 53, 54, 55, 43, 60, 60, 59, 48]}, null, null, 29400, false, [], false, 0, [], null, 0, 1602032428.668995, 0, {}]
[{"0": [70, 1103, 50, 50, 65, 800, 72, 74, 43, 62, 62, 40, 54, 60, 54, 51, 59, 78, 51, 46, 50, 61, 54, 63, 46, 46, 67, 58, 57, 54]}, null, null, 29600, false, [], false, 0, [], null, 0, 1602032482.5725205, 0, {}]
[{"0": [180, 91, 59, 60, 58, 44, 52, 46, 57, 63, 47, 52, 59, 58, 74, 51, 49, 43, 43, 59, 71, 47, 57, 85, 54, 80, 50, 70, 78, 64]}, null, null, 29800, false, [], false, 0, [], null, 0, 1602032563.9093592, 0, {}]
[{"0": [41, 55, 58, 72, 51, 41, 44, 49, 68, 49, 52, 48, 45, 50, 51, 51, 45, 50, 58, 125, 56, 50, 54, 89, 62, 51, 62, 47, 47, 53]}, null, null, 30000, false, [], false, 0, [], null, 0, 1602032623.6732862, 0, {}]
[{"0": [41, 59, 47, 48, 56, 52, 51, 44, 39, 63, 58, 52, 45, 46, 637, 57, 45, 89, 48, 52, 53, 68, 65, 59, 50, 52, 49, 59, 59, 46]}, null, null, 30200, false, [], false, 0, [], null, 0, 1602032689.2068071, 0, {}]
[{"0": [58, 54, 40, 47, 52, 43, 56, 47, 67, 51, 62, 36, 47, 49, 56, 54, 46, 47, 60, 72, 46, 66, 50, 47, 49, 60, 61, 53, 45, 55]}, null, null, 30400, false, [], false, 0, [], null, 0, 1602032753.2399833, 0, {}]
[{"0": [42, 51, 54, 49, 56, 47, 42, 60, 51, 58, 57, 60, 50, 43, 56, 54, 57, 47, 57, 48, 58, 45, 43, 40, 51, 44, 54, 56, 52, 72]}, null, null, 30600, false, [], false, 0, [], null, 0, 1602032820.662409, 0, {}]
[{"0": [53, 55, 50, 43, 42, 62, 47, 51, 46, 56, 54, 52, 59, 54, 59, 52, 675, 52, 42, 52, 45, 71, 42, 52, 52, 50, 51, 36, 125, 60]}, null, null, 30800, false, [], false, 0, [], null, 0, 1602032885.7754993, 0, {}]
[{"0": [51, 48, 139, 53, 50, 48, 47, 48, 46, 49, 44, 48, 52, 40, 50, 46, 58, 59, 53, 37, 56, 54, 56, 43, 45, 49, 71, 43, 47, 148]}, null, null, 31000, false, [], false, 0, [], null, 0, 1602032950.2466, 0, {}]
[{"0": [51, 65, 40, 57, 60, 54, 47, 53, 55, 49, 39, 42, 57, 54, 43, 38, 54, 43, 59, 48, 44, 61, 55, 57, 50, 82, 64, 48, 39, 58]}, null, null, 31200, false, [], false, 0, [], null, 0, 1602033018.94753, 0, {}]
[{"0": [49, 57, 49, 52, 55, 40, 46, 49, 45, 58, 38, 44, 42, 50, 45, 60, 41, 54, 50, 35, 55, 56, 58, 49, 47, 47, 44, 45, 62, 77]}, null, null, 31400, false, [], false, 0, [], null, 0, 1602033120.3191845, 0, {}]
[{"0": [54, 47, 59, 47, 50, 53, 50, 56, 62, 46, 55, 152, 47, 40, 46, 50, 53, 38, 38, 42, 63, 42, 48, 39, 49, 48, 41, 41, 53, 42]}, null, null, 31600, false, [], false, 0, [], null, 0, 1602033216.5949335, 0, {}]
[{"0": [41, 68, 60, 49, 42, 57, 61, 51, 40, 57, 66, 65, 40, 41, 39, 48, 51, 49, 50, 40, 40, 40, 41, 44, 46, 46, 43, 46, 44, 39]}, null, null, 31800, false, [], false, 0, [], null, 0, 1602033268.8390453, 0, {}]
[{"0": [44, 39, 52, 35, 52, 58, 48, 47, 42, 41, 44, 56, 32, 39, 49, 65, 40, 68, 48, 37, 39, 49, 39, 50, 52, 55, 54, 41, 42, 51]}, null, null, 32000, false, [], false, 0, [], null, 0, 1602033320.4125218, 0, {}]
[{"0": [59, 54, 44, 42, 46, 58, 47, 53, 51, 43, 49, 59, 46, 52, 39, 44, 40, 51, 44, 56, 51, 53, 43, 44, 60, 37, 49, 69, 77, 55]}, null, null, 32200, false, [], false, 0, [], null, 0, 1602033407.4120061, 0, {}]
[{"0": [62, 48, 42, 64, 39, 47, 37, 46, 55, 46, 43, 46, 44, 48, 34, 60, 43, 51, 58, 40, 56, 50, 46, 167, 59, 62, 39, 59, 44, 50]}, null, null, 32400, false, [], false, 0, [], null, 0, 1602033461.6023467, 0, {}]
[{"0": [53, 41, 46, 52, 42, 57, 58, 41, 42, 54, 47, 50, 64, 52, 51, 53, 49, 54, 109, 1767, 46, 51, 43, 56, 44, 43, 43, 34, 36, 61]}, null, null, 32600, false, [], false, 0, [], null, 0, 1602033511.193952, 0, {}]
[{"0": [53, 51, 47, 42, 54, 43, 48, 38, 40, 70, 61, 48, 44, 41, 48, 363, 46, 48, 47, 67, 818, 50, 58, 42, 51, 47, 55, 42, 52, 54]}, null, null, 32800, false, [], false, 0, [], null, 0, 1602033597.510926, 0, {}]
[{"0": [43, 46, 55, 46, 34, 85, 159, 65, 57, 64, 42, 52, 43, 54, 42, 70, 1329, 61, 26, 35, 52, 46, 74, 50, 42, 41, 52, 47, 59, 50]}, null, null, 33000, false, [], false, 0, [], null, 0, 1602033654.4186566, 0, {}]
[{"0": [34, 78, 69, 70, 240, 59, 819, 67, 49, 34, 281, 46, 344, 43, 50, 53, 61, 51, 48, 53, 52, 46, 40, 44, 38, 53, 55, 182, 167, 50]}, null, null, 33200, false, [], false, 0, [], null, 0, 1602033726.014521, 0, {}]
[{"0": [1033, 68, 96, 71, 135, 59, 57, 79, 1818, 46, 68, 46, 616, 56, 72, 52, 52, 53, 58, 59, 57, 56, 139, 77, 768, 57, 34, 45, 76, 89]}, null, null, 33400, false, [], false, 0, [], null, 0, 1602033790.8004751, 0, {}]
[{"0": [75, 152, 576, 53, 728, 33, 30, 54, 63, 57, 44, 53, 53, 51, 57, 40, 73, 61, 75, 84, 186, 88, 71, 49, 71, 72, 65, 67, 90, 472]}, null, null, 33600, false, [], false, 0, [], null, 0, 1602033856.2404788, 0, {}]
[{"0": [126, 45, 45, 46, 693, 64, 71, 39, 38, 48, 78, 54, 48, 42, 133, 789, 91, 65, 727, 80, 798, 72, 57, 78, 263, 114, 229, 47, 63, 46]}, null, null, 33800, false, [], false, 0, [], null, 0, 1602033930.7926662, 0, {}]
[{"0": [139, 74, 40, 61, 46, 47, 58, 54, 55, 62, 176, 83, 261, 83, 74, 54, 106, 109, 54, 110, 97, 75, 57, 42, 50, 57, 77, 124, 53, 51]}, null, null, 34000, false, [], false, 0, [], null, 0, 1602033982.05984, 0, {}]
[{"0": [46, 51, 54, 55, 81, 46, 77, 702, 83, 47, 41, 75, 729, 57, 54, 51, 54, 54, 47, 62, 49, 65, 87, 179, 44, 50, 49, 43, 47, 55]}, null, null, 34200, false, [], false, 0, [], null, 0, 1602034065.110649, 0, {}]
[{"0": [52, 71, 1822, 65, 78, 57, 62, 87, 74, 78, 69, 65, 176, 217, 54, 56, 55, 61, 95, 61, 39, 47, 42, 62, 55, 63, 48, 70, 86, 55]}, null, null, 34400, false, [], false, 0, [], null, 0, 1602034118.9485478, 0, {}]
[{"0": [45, 95, 51, 248, 56, 65, 55, 79, 64, 69, 55, 56, 49, 54, 56, 65, 56, 76, 51, 73, 91, 153, 60, 64, 48, 75, 44, 73, 58, 93]}, null, null, 34600, false, [], false, 0, [], null, 0, 1602034189.2811642, 0, {}]
[{"0": [314, 57, 57, 65, 84, 730, 48, 60, 56, 51, 69, 65, 46, 55, 53, 56, 68, 53, 55, 55, 76, 165, 67, 50, 73, 57, 5087, 840, 54, 71]}, null, null, 34800, false, [], false, 0, [], null, 0, 1602034284.0939758, 0, {}]
[{"0": [76, 65, 51, 45, 59, 64, 62, 89, 62, 50, 52, 61, 60, 55, 50, 67, 71, 78, 70, 51, 71, 78, 715, 61, 67, 63, 69, 62, 86, 65]}, null, null, 35000, false, [], false, 0, [], null, 0, 1602034386.3108006, 0, {}]
[{"0": [55, 61, 73, 63, 49, 53, 56, 40, 58, 71, 56, 63, 135, 58, 62, 55, 53, 65, 67, 69, 51, 171, 154, 79, 59, 46, 42, 64, 50, 48]}, null, null, 35200, false, [], false, 0, [], null, 0, 1602034450.1606982, 0, {}]
[{"0": [42, 53, 55, 56, 53, 61, 46, 152, 62, 57, 50, 78, 55, 57, 57, 74, 57, 41, 92, 100, 55, 55, 55, 59, 69, 51, 48, 56, 50, 69]}, null, null, 35400, false, [], false, 0, [], null, 0, 1602034503.2781188, 0, {}]
[{"0": [51, 80, 59, 50, 72, 48, 52, 62, 74, 700, 51, 52, 86, 74, 67, 185, 55, 54, 49, 61, 75, 50, 58, 57, 50, 58, 48, 59, 49, 76]}, null, null, 35600, false, [], false, 0, [], null, 0, 1602034591.0560272, 0, {}]
[{"0": [47, 64, 55, 67, 77, 67, 65, 68, 79, 56, 70, 69, 62, 49, 57, 58, 55, 44, 55, 63, 54, 50, 67, 97, 47, 83, 68, 78, 62, 46]}, null, null, 35800, false, [], false, 0, [], null, 0, 1602034646.6435242, 0, {}]
[{"0": [60, 72, 135, 53, 64, 73, 90, 56, 50, 57, 104, 80, 51, 39, 52, 46, 64, 55, 42, 60, 50, 87, 76, 61, 62, 59, 72, 67, 55, 67]}, null, null, 36000, false, [], false, 0, [], null, 0, 1602034712.50821, 0, {}]
[{"0": [48, 181, 80, 57, 54, 63, 48, 57, 62, 48, 56, 45, 62, 58, 59, 48, 51, 76, 99, 51, 51, 52, 77, 93, 163, 99, 86, 45, 104, 92]}, null, null, 36200, false, [], false, 0, [], null, 0, 1602034777.5895286, 0, {}]
[{"0": [46, 72, 60, 58, 59, 52, 41, 68, 59, 54, 55, 64, 71, 71, 69, 58, 67, 87, 74, 174, 83, 56, 64, 74, 55, 58, 50, 60, 57, 71]}, null, null, 36400, false, [], false, 0, [], null, 0, 1602034838.376367, 0, {}]
[{"0": [53, 61, 60, 50, 55, 50, 54, 64, 59, 56, 55, 76, 39, 70, 55, 73, 133, 57, 63, 56, 63, 107, 63, 58, 65, 58, 61, 54, 64, 55]}, null, null, 36600, false, [], false, 0, [], null, 0, 1602034905.1015472, 0, {}]
[{"0": [54, 48, 138, 71, 60, 87, 197, 68, 54, 77, 69, 124, 673, 56, 52, 67, 51, 63, 52, 44, 44, 75, 63, 63, 52, 52, 67, 68, 81, 53]}, null, null, 36800, false, [], false, 0, [], null, 0, 1602034971.3504174, 0, {}]
[{"0": [62, 740, 57, 65, 50, 64, 941, 60, 62, 82, 745, 73, 175, 59, 58, 67, 53, 47, 63, 54, 59, 55, 56, 45, 51, 59, 43, 58, 63, 52]}, null, null, 37000, false, [], false, 0, [], null, 0, 1602035038.3389096, 0, {}]
[{"0": [56, 60, 68, 163, 87, 61, 58, 76, 52, 62, 69, 66, 51, 86, 69, 55, 59, 59, 55, 65, 60, 46, 70, 60, 172, 51, 54, 66, 52, 774]}, null, null, 37200, false, [], false, 0, [], null, 0, 1602035104.3104796, 0, {}]
[{"0": [64, 59, 57, 46, 1645, 62, 61, 60, 78, 60, 69, 67, 59, 66, 57, 54, 57, 50, 104, 67, 67, 57, 52, 58, 596, 70, 66, 53, 52, 58]}, null, null, 37400, false, [], false, 0, [], null, 0, 1602035167.1717012, 0, {}]
[{"0": [58, 54, 56, 57, 63, 59, 62, 50, 52, 47, 59, 46, 59, 52, 92, 55, 73, 58, 81, 64, 71, 79, 61, 59, 54, 65, 67, 58, 45, 47]}, null, null, 37600, false, [], false, 0, [], null, 0, 1602035236.5613325, 0, {}]
[{"0": [56, 72, 55, 51, 52, 70, 52, 61, 52, 52, 66, 55, 72, 50, 44, 59, 52, 62, 49, 69, 259, 81, 121, 59, 57, 55, 59, 53, 70, 47]}, null, null, 37800, false, [], false, 0, [], null, 0, 1602035302.1072333, 0, {}]
[{"0": [46, 53, 55, 54, 45, 57, 65, 74, 56, 82, 49, 65, 44, 72, 51, 56, 68, 54, 54, 55, 53, 59, 61, 39, 47, 59, 51, 65, 54, 63]}, null, null, 38000, false, [], false, 0, [], null, 0, 1602035363.107179, 0, {}]
[{"0": [51, 64, 50, 56, 53, 108, 58, 166, 64, 61, 37, 59, 56, 49, 56, 49, 49, 72, 60, 62, 52, 50, 62, 45, 61, 46, 55, 85, 58, 50]}, null, null, 38200, false, [], false, 0, [], null, 0, 1602035434.6278965, 0, {}]
[{"0": [61, 61, 58, 46, 78, 57, 58, 64, 59, 82, 50, 49, 57, 57, 59, 66, 52, 53, 48, 41, 57, 55, 67, 57, 54, 60, 50, 66, 60, 107]}, null, null, 38400, false, [], false, 0, [], null, 0, 1602035533.7302525, 0, {}]
[{"0": [63, 124, 49, 57, 49, 51, 53, 49, 70, 54, 66, 55, 49, 73, 40, 68, 49, 66, 58, 56, 60, 67, 67, 48, 96, 50, 62, 52, 78, 59]}, null, null, 38600, false, [], false, 0, [], null, 0, 1602035631.6678376, 0, {}]
[{"0": [94, 52, 45, 55, 59, 61, 66, 63, 53, 57, 54, 59, 56, 61, 79, 53, 76, 73, 48, 66, 60, 59, 67, 66, 52, 73, 554, 49, 50, 53]}, null, null, 38800, false, [], false, 0, [], null, 0, 1602035686.8033965, 0, {}]
[{"0": [54, 59, 70, 52, 60, 57, 64, 66, 60, 50, 55, 70, 53, 46, 723, 61, 60, 70, 78, 51, 63, 55, 64, 60, 56, 50, 58, 46, 63, 57]}, null, null, 39000, false, [], false, 0, [], null, 0, 1602035747.1341324, 0, {}]
[{"0": [53, 58, 59, 52, 61, 68, 714, 52, 51, 52, 59, 50, 62, 55, 57, 46, 61, 55, 66, 64, 61, 57, 38, 58, 49, 61, 49, 63, 55, 55]}, null, null, 39200, false, [], false, 0, [], null, 0, 1602035822.7877393, 0, {}]
[{"0": [67, 54, 61, 59, 72, 49, 59, 73, 58, 54, 55, 59, 55, 42, 50, 51, 59, 67, 53, 60, 58, 41, 59, 66, 44, 59, 60, 81, 58, 114]}, null, null, 39400, false, [], false, 0, [], null, 0, 1602035879.471692, 0, {}]
[{"0": [42, 44, 59, 54, 86, 55, 53, 69, 46, 57, 60, 56, 58, 48, 60, 55, 49, 49, 60, 64, 46, 64, 73, 65, 59, 54, 58, 42, 62, 56]}, null, null, 39600, false, [], false, 0, [], null, 0, 1602035960.7323909, 0, {}]
[{"0": [54, 58, 58, 53, 54, 82, 55, 60, 59, 69, 50, 59, 58, 47, 54, 58, 134, 56, 44, 1347, 52, 56, 46, 87, 78, 152, 54, 68, 52, 36]}, null, null, 39800, false, [], false, 0, [], null, 0, 1602036007.7212803, 0, {}]
[{"0": [76, 49, 54, 51, 51, 57, 71, 54, 56, 61, 51, 53, 53, 51, 63, 57, 47, 56, 50, 52, 67, 55, 60, 63, 54, 81, 51, 51, 56, 57]}, null, null, 40000, true, [], false, 0, [], null, 0, 1602036072.356485, 0, {}]
