# <?xml version="1.0" ?>
# <DataFileHeader>
#   <Variables>
#     <ColumnSpec>x, y</ColumnSpec>
#     <Element name="comment" type="str"></Element>
#     <Element name="counter" type="str">Plot 2</Element>
#     <Element name="name" type="str"></Element>
#     <Element name="traceCreation" type="datetime">2020-10-28 13:44:06.554839+00:00</Element>
#     <TracePlottingList>
#       <TracePlotting _bottomColumn="bottom" _filtColumn="None" _fitFunction="None" _heightColumn="height" _rawColumn="raw" _topColumn="top" _xColumn="x" _yColumn="y" fill="True" name="Counter 0" properties="&lt;trace.PlottedTrace.PlottedTraceProperties object at 0x00000293C67AABA8&gt;" style="0" type="0" windowName="None" xAxisLabel="None" xAxisUnit="None" yAxisLabel="None">
#         <PlottedTraceProperties averageSameX="False" averageType="None" combinePoints="0"/>
#       </TracePlotting>
#     </TracePlottingList>
#   </Variables>
# </DataFileHeader>
1603892598.4244995	3.0
1603892598.5244997	2.0
1603892598.6244996	0.0
1603892598.7244995	2.0
1603892598.8244996	0.0
1603892598.9244995	0.0
1603892599.0244997	1.0
1603892599.1244993	0.0
1603892599.2244992	0.0
1603892599.3244994	0.0
1603892599.4244993	2.0
1603892599.5244994	1.0
1603892599.6244993	0.0
1603892599.724499	1.0
1603892599.8244991	0.0
1603892599.924499	2.0
1603892600.024499	1.0
1603892600.124499	2.0
1603892600.224499	0.0
1603892600.324499	1.0
1603892600.4244988	3.0
1603892600.5244987	0.0
1603892600.6244988	2.0
1603892600.7244987	1.0
1603892600.824499	1.0
1603892600.9244988	2.0
1603892601.0244985	1.0
1603892601.1244986	1.0
1603892601.2244985	3.0
1603892601.3244984	1.0
1603892601.4244986	5.0
1603892601.5244985	1.0
1603892601.6244984	0.0
1603892601.7244983	1.0
1603892601.8244982	1.0
1603892601.9244983	1.0
1603892602.0244982	0.0
1603892602.1244984	4.0
1603892602.2244983	1.0
1603892602.324498	4.0
1603892602.424498	1.0
1603892602.524498	5.0
1603892602.6244981	3.0
1603892602.724498	2.0
1603892602.824498	0.0
1603892602.9244978	0.0
1603892603.0244977	0.0
1603892603.1244977	1.0
1603892603.2244978	1.0
1603892603.3244977	2.0
1603892603.4244978	5.0
1603892603.5244975	1.0
1603892603.6244974	3.0
1603892603.7244976	0.0
1603892603.8244975	0.0
1603892603.9244976	1.0
1603892604.0244975	1.0
1603892604.1244974	0.0
1603892604.2244973	2.0
1603892604.3244972	2.0
1603892604.4244974	2.0
1603892604.5244973	3.0
1603892604.6244972	0.0
1603892604.7244973	1.0
1603892604.824497	1.0
1603892604.924497	3.0
1603892605.024497	29.0
1603892605.124497	59.0
1603892605.224497	71.0
1603892605.324497	61.0
1603892605.424497	67.0
1603892605.5244968	59.0
1603892605.6244967	60.0
1603892605.7244968	58.0
1603892605.8244967	54.0
1603892605.9244967	75.0
1603892606.0244968	63.0
1603892606.1244965	65.0
1603892606.2244966	50.0
1603892606.3244965	62.0
1603892606.4244964	52.0
1603892606.5244966	56.0
1603892606.6244965	56.0
1603892606.7244961	60.0
1603892606.8244963	43.0
1603892606.9244962	47.0
1603892607.0244963	50.0
1603892607.1244962	55.0
1603892607.2244961	42.0
1603892607.3244963	49.0
1603892607.424496	35.0
1603892607.524496	4.0
1603892607.624496	0.0
1603892607.724496	1.0
1603892607.824496	1.0
1603892607.924496	2.0
1603892608.0244956	2.0
1603892608.1244957	0.0
1603892608.2244956	1.0
1603892608.3244958	0.0
1603892608.4244957	2.0
1603892608.5244956	2.0
1603892608.6244957	0.0
1603892608.7244954	0.0
1603892608.8244956	1.0
1603892608.9244955	0.0
1603892609.0244954	0.0
1603892609.1244955	2.0
1603892609.2244954	1.0
1603892609.3244953	1.0
1603892609.4244952	4.0
1603892609.5244951	0.0
1603892609.6244953	2.0
1603892609.7244952	1.0
1603892609.8244953	0.0
1603892609.924495	0.0
1603892610.024495	5.0
1603892610.124495	1.0
1603892610.224495	4.0
1603892610.3244948	0.0
1603892610.424495	1.0
1603892610.524495	0.0
1603892610.6244948	0.0
1603892610.7244947	2.0
1603892610.8244946	0.0
1603892610.9244947	2.0
1603892611.0244946	1.0
1603892611.1244948	1.0
1603892611.2244945	0.0
1603892611.3244944	0.0
1603892611.4244945	6.0
1603892611.5244944	1.0
1603892611.6244946	0.0
1603892611.7244945	2.0
1603892611.8244944	1.0
1603892611.9244943	1.0
1603892612.0244942	0.0
1603892612.124494	0.0
1603892612.2244942	0.0
1603892612.3244941	2.0
1603892612.4244943	2.0
1603892612.524494	3.0
1603892612.6244938	3.0
1603892612.724494	1.0
1603892612.824494	0.0
1603892612.924494	0.0
1603892613.024494	4.0
1603892613.1244936	0.0
1603892613.2244937	0.0
1603892613.3244936	0.0
1603892613.4244936	1.0
1603892613.5244937	0.0
1603892613.6244936	0.0
1603892613.7244937	5.0
1603892613.8244934	1.0
1603892613.9244933	0.0
1603892614.0244935	0.0
1603892614.1244934	1.0
1603892614.2244935	1.0
1603892614.3244934	1.0
1603892614.424493	2.0
1603892614.5244932	0.0
1603892614.6244931	0.0
1603892614.7244933	0.0
1603892614.8244932	1.0
1603892614.924493	1.0
1603892615.0244932	28.0
1603892615.124493	58.0
1603892615.2244928	63.0
1603892615.324493	61.0
1603892615.4244928	52.0
1603892615.524493	61.0
1603892615.624493	50.0
1603892615.7244925	51.0
1603892615.8244927	57.0
1603892615.9244926	65.0
1603892616.0244927	57.0
1603892616.1244926	52.0
1603892616.2244925	54.0
1603892616.3244925	59.0
1603892616.4244924	42.0
1603892616.5244925	52.0
1603892616.6244924	40.0
1603892616.7244923	47.0
1603892616.8244925	40.0
1603892616.9244924	59.0
1603892617.024492	44.0
1603892617.1244922	69.0
1603892617.224492	52.0
1603892617.3244922	52.0
1603892617.4244921	62.0
1603892617.524492	66.0
1603892617.624492	52.0
1603892617.7244918	57.0
1603892617.824492	45.0
1603892617.924492	52.0
1603892618.0244918	40.0
1603892618.124492	52.0
1603892618.2244918	57.0
1603892618.3244915	56.0
1603892618.4244916	54.0
1603892618.5244915	59.0
1603892618.6244917	51.0
1603892618.7244916	58.0
1603892618.8244915	63.0
1603892618.9244914	54.0
1603892619.0244913	66.0
1603892619.1244915	56.0
1603892619.2244914	65.0
1603892619.3244913	42.0
1603892619.4244914	54.0
1603892619.524491	61.0
1603892619.6244912	63.0
1603892619.7244911	55.0
1603892619.824491	46.0
1603892619.9244912	55.0
1603892620.024491	55.0
1603892620.1244912	43.0
1603892620.224491	41.0
1603892620.3244908	62.0
1603892620.424491	46.0
1603892620.5244908	59.0
1603892620.6244907	42.0
1603892620.724491	56.0
1603892620.8244905	56.0
1603892620.9244907	48.0
1603892621.0244906	53.0
1603892621.1244905	58.0
1603892621.2244906	60.0
1603892621.3244905	44.0
1603892621.4244907	40.0
1603892621.5244904	54.0
1603892621.6244903	67.0
1603892621.7244904	54.0
1603892621.8244903	51.0
1603892621.9244905	45.0
1603892622.0244904	57.0
1603892622.12449	61.0
1603892622.2244902	55.0
1603892622.32449	51.0
1603892622.42449	54.0
1603892622.52449	55.0
1603892622.62449	53.0
1603892622.72449	44.0
1603892622.8244898	54.0
1603892622.9244897	59.0
1603892623.0244899	58.0
1603892623.1244898	51.0
1603892623.22449	61.0
1603892623.3244898	53.0
1603892623.4244895	53.0
1603892623.5244896	57.0
1603892623.6244895	42.0
1603892623.7244897	64.0
1603892623.8244896	53.0
1603892623.9244895	63.0
1603892624.0244894	51.0
1603892624.1244893	46.0
1603892624.2244892	54.0
1603892624.3244894	65.0
1603892624.4244893	67.0
1603892624.5244894	51.0
1603892624.6244893	48.0
1603892624.724489	81.0
1603892624.824489	64.0
1603892624.924489	64.0
1603892625.0244892	62.0
1603892625.124489	46.0
1603892625.224489	56.0
1603892625.3244889	52.0
1603892625.4244888	63.0
1603892625.5244887	40.0
1603892625.6244888	67.0
1603892625.7244887	55.0
1603892625.8244889	48.0
1603892625.9244885	62.0
1603892626.0244884	54.0
1603892626.1244886	45.0
1603892626.2244885	36.0
1603892626.3244886	46.0
1603892626.4244885	64.0
1603892626.5244884	58.0
1603892626.6244884	68.0
1603892626.7244883	53.0
1603892626.8244884	56.0
1603892626.9244883	52.0
1603892627.0244882	51.0
1603892627.1244884	69.0
1603892627.224488	42.0
1603892627.324488	54.0
1603892627.424488	54.0
1603892627.524488	46.0
1603892627.624488	49.0
1603892627.724488	58.0
1603892627.824488	52.0
1603892627.9244878	69.0
1603892628.0244877	58.0
1603892628.1244879	49.0
1603892628.2244878	60.0
1603892628.3244877	53.0
1603892628.4244878	49.0
1603892628.5244875	46.0
1603892628.6244876	46.0
1603892628.7244875	52.0
1603892628.8244874	50.0
1603892628.9244876	55.0
1603892629.0244875	57.0
1603892629.1244872	52.0
1603892629.2244873	55.0
1603892629.3244872	44.0
1603892629.4244874	55.0
1603892629.5244873	58.0
1603892629.6244872	50.0
1603892629.7244873	58.0
1603892629.824487	66.0
1603892629.924487	69.0
1603892630.024487	47.0
1603892630.124487	46.0
1603892630.224487	50.0
1603892630.324487	67.0
1603892630.4244866	60.0
1603892630.5244868	51.0
1603892630.6244867	60.0
1603892630.7244868	63.0
1603892630.8244867	53.0
1603892630.9244866	61.0
1603892631.0244868	47.0
1603892631.1244864	52.0
1603892631.2244866	48.0
1603892631.3244865	68.0
1603892631.4244864	45.0
1603892631.5244865	54.0
1603892631.6244864	53.0
1603892631.7244864	44.0
1603892631.8244863	51.0
1603892631.9244862	40.0
1603892632.0244863	57.0
1603892632.1244862	56.0
1603892632.2244864	48.0
1603892632.324486	54.0
1603892632.424486	49.0
1603892632.524486	57.0
1603892632.624486	53.0
1603892632.7244859	51.0
1603892632.824486	51.0
1603892632.924486	59.0
1603892633.0244858	49.0
1603892633.1244857	50.0
1603892633.2244856	47.0
1603892633.3244858	55.0
1603892633.4244857	53.0
1603892633.5244858	43.0
1603892633.6244855	48.0
1603892633.7244854	55.0
1603892633.8244855	49.0
1603892633.9244854	51.0
1603892634.0244856	54.0
1603892634.1244855	57.0
1603892634.2244854	56.0
1603892634.3244853	57.0
1603892634.4244852	53.0
1603892634.524485	67.0
1603892634.6244853	50.0
1603892634.7244852	66.0
1603892634.8244853	53.0
1603892634.924485	62.0
1603892635.0244849	62.0
1603892635.124485	57.0
1603892635.224485	53.0
1603892635.324485	45.0
1603892635.424485	51.0
1603892635.5244846	44.0
1603892635.6244848	23.0
1603892635.7244847	1.0
1603892635.8244848	0.0
1603892635.9244847	2.0
1603892636.0244846	0.0
1603892636.1244848	1.0
1603892636.2244844	0.0
1603892636.3244843	1.0
1603892636.4244845	2.0
1603892636.5244844	1.0
1603892636.6244845	1.0
1603892636.7244844	3.0
1603892636.824484	0.0
1603892636.9244843	0.0
1603892637.0244842	0.0
1603892637.1244843	2.0
1603892637.2244842	4.0
1603892637.324484	1.0
1603892637.4244843	1.0
1603892637.524484	2.0
1603892637.6244838	1.0
1603892637.724484	0.0
1603892637.8244839	0.0
1603892637.924484	1.0
1603892638.024484	1.0
1603892638.1244836	1.0
1603892638.2244837	0.0
1603892638.3244836	3.0
1603892638.4244838	1.0
1603892638.5244837	2.0
1603892638.6244836	0.0
1603892638.7244835	32.0
1603892638.8244834	44.0
1603892638.9244835	62.0
1603892639.0244834	63.0
1603892639.1244833	55.0
1603892639.2244835	49.0
1603892639.3244834	51.0
1603892639.424483	58.0
1603892639.5244832	54.0
1603892639.624483	50.0
1603892639.7244833	61.0
1603892639.8244832	68.0
1603892639.924483	48.0
1603892640.024483	66.0
1603892640.1244829	48.0
1603892640.224483	60.0
1603892640.324483	58.0
1603892640.4244828	64.0
1603892640.524483	58.0
1603892640.6244829	55.0
1603892640.7244828	31.0
1603892640.8244827	3.0
1603892640.9244826	1.0
1603892641.0244827	1.0
1603892641.1244826	0.0
1603892641.2244828	0.0
1603892641.3244824	3.0
1603892641.4244823	4.0
1603892641.5244825	0.0
1603892641.6244824	0.0
1603892641.7244823	0.0
1603892641.8244824	1.0
1603892641.924482	1.0
1603892642.0244823	1.0
1603892642.1244822	1.0
1603892642.224482	1.0
1603892642.3244822	0.0
1603892642.424482	1.0
1603892642.5244823	1.0
1603892642.624482	0.0
1603892642.7244818	2.0
1603892642.824482	1.0
1603892642.9244819	0.0
1603892643.0244818	2.0
1603892643.124482	0.0
1603892643.2244816	1.0
1603892643.3244817	0.0
1603892643.4244816	0.0
1603892643.5244815	2.0
1603892643.6244817	1.0
1603892643.7244816	1.0
1603892643.8244817	3.0
1603892643.9244814	1.0
1603892644.0244813	1.0
1603892644.1244814	1.0
1603892644.2244813	0.0
1603892644.3244815	2.0
1603892644.4244814	1.0
1603892644.524481	0.0
1603892644.6244812	0.0
1603892644.724481	2.0
1603892644.824481	1.0
1603892644.9244812	0.0
1603892645.024481	0.0
1603892645.124481	0.0
1603892645.2244809	0.0
1603892645.3244808	0.0
1603892645.424481	0.0
1603892645.5244808	0.0
1603892645.624481	1.0
1603892645.7244809	1.0
1603892645.8244805	0.0
1603892645.9244807	0.0
1603892646.0244806	1.0
1603892646.1244807	0.0
1603892646.2244806	8.0
1603892646.3244805	2.0
1603892646.4244804	1.0
1603892646.5244803	4.0
1603892646.6244802	0.0
1603892646.7244804	2.0
1603892646.8244803	2.0
1603892646.9244804	3.0
1603892647.0244803	2.0
1603892647.12448	4.0
1603892647.2244802	2.0
1603892647.32448	2.0
1603892647.4244802	2.0
1603892647.52448	0.0
1603892647.62448	2.0
1603892647.72448	1.0
1603892647.8244798	1.0
1603892647.92448	0.0
1603892648.0244799	0.0
1603892648.1244798	0.0
1603892648.22448	0.0
1603892648.3244796	2.0
1603892648.4244795	3.0
1603892648.5244796	1.0
1603892648.6244795	3.0
1603892648.7244797	1.0
1603892648.8244796	2.0
1603892648.9244795	1.0
1603892649.0244794	1.0
1603892649.1244793	1.0
1603892649.2244794	0.0
1603892649.3244793	1.0
1603892649.4244792	2.0
1603892649.5244794	0.0
1603892649.624479	1.0
1603892649.724479	1.0
1603892649.824479	4.0
1603892649.924479	2.0
1603892650.0244792	0.0
1603892650.124479	1.0
1603892650.224479	1.0
1603892650.3244789	0.0
1603892650.4244788	2.0
1603892650.524479	1.0
1603892650.6244788	39.0
1603892650.7244787	57.0
1603892650.8244789	53.0
1603892650.9244785	41.0
1603892651.0244787	7.0
1603892651.1244786	0.0
1603892651.2244785	2.0
1603892651.3244786	2.0
1603892651.4244785	1.0
1603892651.5244782	0.0
1603892651.6244783	0.0
1603892651.7244782	1.0
1603892651.8244784	1.0
1603892651.9244783	0.0
1603892652.0244782	0.0
1603892652.1244783	1.0
1603892652.224478	1.0
1603892652.3244781	0.0
1603892652.424478	0.0
1603892652.524478	1.0
1603892652.624478	0.0
1603892652.724478	1.0
1603892652.824478	0.0
1603892652.9244778	3.0
1603892653.0244777	0.0
1603892653.1244779	2.0
1603892653.2244778	3.0
1603892653.324478	0.0
1603892653.4244778	2.0
1603892653.5244775	1.0
1603892653.6244776	1.0
1603892653.7244775	0.0
1603892653.8244774	5.0
1603892653.9244776	2.0
1603892654.0244775	3.0
1603892654.1244774	0.0
1603892654.2244773	4.0
1603892654.3244772	0.0
1603892654.4244773	1.0
1603892654.5244772	1.0
1603892654.6244774	1.0
1603892654.724477	1.0
1603892654.824477	0.0
1603892654.924477	0.0
1603892655.024477	3.0
1603892655.124477	1.0
1603892655.224477	3.0
1603892655.324477	2.0
1603892655.4244769	1.0
1603892655.5244768	0.0
1603892655.6244767	3.0
1603892655.7244768	2.0
1603892655.8244767	1.0
1603892655.9244769	1.0
1603892656.0244765	3.0
1603892656.1244764	2.0
1603892656.2244766	0.0
1603892656.3244765	0.0
1603892656.4244766	2.0
1603892656.5244765	2.0
1603892656.6244764	0.0
1603892656.7244763	2.0
1603892656.8244762	3.0
1603892656.9244761	0.0
1603892657.0244763	2.0
1603892657.1244762	0.0
1603892657.2244763	0.0
1603892657.324476	1.0
1603892657.424476	1.0
1603892657.524476	1.0
1603892657.624476	0.0
1603892657.724476	1.0
1603892657.824476	0.0
1603892657.9244757	6.0
1603892658.0244758	0.0
1603892658.1244757	0.0
1603892658.2244759	2.0
1603892658.3244758	1.0