# <?xml version="1.0" ?>
# <DataFileHeader>
#   <Variables>
#     <ColumnSpec>x, y</ColumnSpec>
#     <Element name="comment" type="str"></Element>
#     <Element name="counter" type="str">Plot 2</Element>
#     <Element name="name" type="str"></Element>
#     <Element name="traceCreation" type="datetime">2020-08-28 00:53:31.725735+00:00</Element>
#     <TracePlottingList>
#       <TracePlotting _bottomColumn="bottom" _filtColumn="None" _fitFunction="None" _heightColumn="height" _rawColumn="raw" _topColumn="top" _xColumn="x" _yColumn="y" fill="True" name="Counter 0" properties="&lt;trace.PlottedTrace.PlottedTraceProperties object at 0x0000022B73D79BA8&gt;" style="0" type="0" windowName="None" xAxisLabel="None" xAxisUnit="None" yAxisLabel="None">
#         <PlottedTraceProperties averageSameX="False" averageType="None" combinePoints="0"/>
#       </TracePlotting>
#     </TracePlottingList>
#   </Variables>
# </DataFileHeader>
1598576009.7297704	30.0
1598576009.8297703	32.0
1598576009.9297702	27.0
1598576010.0297704	22.0
1598576010.1297703	16.0
1598576010.2297702	19.0
1598576010.32977	21.0
1598576010.42977	20.0
1598576010.5297701	23.0
1598576010.62977	20.0
1598576010.7297702	25.0
1598576010.8297698	31.0
1598576010.9297698	35.0
1598576011.02977	28.0
1598576011.1297698	22.0
1598576011.22977	30.0
1598576011.3297698	27.0
1598576011.4297698	25.0
1598576011.5297697	31.0
1598576011.6297696	22.0
1598576011.7297695	18.0
1598576011.8297696	22.0
1598576011.9297695	22.0
1598576012.0297697	34.0
1598576012.1297693	30.0
1598576012.2297692	21.0
1598576012.3297694	18.0
1598576012.4297693	19.0
1598576012.5297694	24.0
1598576012.6297693	31.0
1598576012.7297692	25.0
1598576012.8297691	26.0
1598576012.929769	28.0
1598576013.029769	25.0
1598576013.129769	24.0
1598576013.229769	21.0
1598576013.3297691	18.0
1598576013.4297688	21.0
1598576013.5297687	18.0
1598576013.6297688	17.0
1598576013.7297688	26.0
1598576013.829769	32.0
1598576013.9297688	37.0
1598576014.0297685	27.0
1598576014.1297686	25.0
1598576014.2297685	27.0
1598576014.3297687	23.0
1598576014.4297686	18.0
1598576014.5297685	25.0
1598576014.6297686	23.0
1598576014.7297683	31.0
1598576014.8297682	23.0
1598576014.9297683	18.0
1598576015.0297682	30.0
1598576015.1297684	32.0
1598576015.2297683	23.0
1598576015.329768	31.0
1598576015.429768	19.0
1598576015.529768	20.0
1598576015.6297681	28.0
1598576015.729768	17.0
1598576015.829768	23.0
1598576015.929768	20.0
1598576016.0297678	25.0
1598576016.129768	24.0
1598576016.2297678	32.0
1598576016.3297677	30.0
1598576016.4297678	31.0
1598576016.5297678	21.0
1598576016.6297674	30.0
1598576016.7297676	14.0
1598576016.8297675	20.0
1598576016.9297676	23.0
1598576017.0297675	23.0
1598576017.1297674	21.0
1598576017.2297673	22.0
1598576017.3297672	21.0
1598576017.4297674	28.0
1598576017.5297673	26.0
1598576017.6297672	19.0
1598576017.7297673	30.0
1598576017.8297672	22.0
1598576017.929767	31.0
1598576018.029767	15.0
1598576018.129767	20.0
1598576018.229767	24.0
1598576018.329767	21.0
1598576018.429767	18.0
1598576018.5297668	19.0
1598576018.6297667	22.0
1598576018.7297668	19.0
1598576018.8297668	29.0
1598576018.9297667	29.0
1598576019.0297668	20.0
1598576019.1297667	22.0
1598576019.2297666	24.0
1598576019.3297665	16.0
1598576019.4297664	17.0
1598576019.5297666	25.0
1598576019.6297665	23.0
1598576019.7297666	13.0
1598576019.8297663	24.0
1598576019.9297662	25.0
1598576020.0297663	16.0
1598576020.1297662	19.0
1598576020.2297661	23.0
1598576020.3297663	38.0
1598576020.429766	26.0
1598576020.529766	27.0
1598576020.629766	21.0
1598576020.729766	25.0
1598576020.829766	32.0
1598576020.929766	27.0
1598576021.029766	23.0
1598576021.1297657	27.0
1598576021.2297657	23.0
1598576021.3297658	24.0
1598576021.4297657	31.0
1598576021.5297658	24.0
1598576021.6297657	21.0
1598576021.7297654	21.0
1598576021.8297656	16.0
1598576021.9297655	22.0
1598576022.0297654	27.0
1598576022.1297655	35.0
1598576022.2297654	19.0
1598576022.3297656	20.0
1598576022.4297652	24.0
1598576022.5297651	32.0
1598576022.6297653	22.0
1598576022.7297652	22.0
1598576022.8297653	25.0
1598576022.9297652	19.0
1598576023.029765	15.0
1598576023.129765	16.0
1598576023.229765	33.0
1598576023.329765	26.0
1598576023.429765	26.0
1598576023.529765	17.0
1598576023.6297648	33.0
1598576023.7297647	25.0
1598576023.8297646	24.0
1598576023.9297647	27.0
1598576024.0297647	23.0
1598576024.1297648	26.0
1598576024.2297647	22.0
1598576024.3297644	25.0
1598576024.4297645	19.0
1598576024.5297644	16.0
1598576024.6297646	22.0
1598576024.7297645	20.0
1598576024.8297644	27.0
1598576024.9297643	24.0
1598576025.0297642	30.0
1598576025.129764	27.0
1598576025.2297642	25.0
1598576025.3297641	27.0
1598576025.4297643	19.0
1598576025.5297642	18.0
1598576025.6297638	20.0
1598576025.729764	25.0
1598576025.829764	25.0
1598576025.929764	29.0
1598576026.029764	29.0
1598576026.1297638	27.0
1598576026.2297637	28.0
1598576026.3297637	20.0
1598576026.4297638	21.0
1598576026.5297637	22.0
1598576026.6297636	18.0
1598576026.7297637	17.0
1598576026.8297634	26.0
1598576026.9297633	25.0
1598576027.0297635	22.0
1598576027.1297634	26.0
1598576027.2297635	27.0
1598576027.3297634	25.0
1598576027.4297633	24.0
1598576027.5297632	25.0
1598576027.6297631	28.0
1598576027.7297633	33.0
1598576027.8297632	16.0
1598576027.929763	25.0
1598576028.0297632	33.0
1598576028.129763	24.0
1598576028.229763	13.0
1598576028.329763	24.0
1598576028.4297628	21.0
1598576028.529763	20.0
1598576028.629763	26.0
1598576028.729763	21.0
1598576028.8297627	32.0
1598576028.9297626	27.0
1598576029.0297627	30.0
1598576029.1297626	24.0
1598576029.2297626	24.0
1598576029.3297627	18.0
1598576029.4297624	20.0
1598576029.5297625	35.0
1598576029.6297624	21.0
1598576029.7297623	17.0
1598576029.8297625	33.0
1598576029.9297624	29.0
1598576030.029762	30.0
1598576030.1297622	17.0
1598576030.229762	22.0
1598576030.3297622	21.0
1598576030.4297621	20.0
1598576030.529762	16.0
1598576030.6297622	22.0
1598576030.7297618	19.0
1598576030.829762	21.0
1598576030.929762	23.0
1598576031.0297618	25.0
1598576031.129762	20.0
1598576031.2297618	24.0
1598576031.3297617	28.0
1598576031.4297616	20.0
1598576031.5297616	23.0
1598576031.6297617	36.0
1598576031.7297616	24.0
1598576031.8297617	23.0
1598576031.9297616	24.0
1598576032.0297613	31.0
1598576032.1297615	23.0
1598576032.2297614	29.0
1598576032.3297613	15.0
1598576032.4297614	28.0
1598576032.5297613	21.0
1598576032.6297612	23.0
1598576032.7297611	25.0
1598576032.829761	25.0
1598576032.9297612	28.0
1598576033.029761	25.0
1598576033.1297612	24.0
1598576033.229761	18.0
1598576033.3297608	15.0
1598576033.429761	21.0
1598576033.5297608	29.0
1598576033.629761	24.0
1598576033.729761	23.0
1598576033.8297608	25.0
1598576033.9297607	23.0
1598576034.0297606	23.0
1598576034.1297605	23.0
1598576034.2297606	28.0
1598576034.3297606	25.0
1598576034.4297607	17.0
1598576034.5297604	34.0
1598576034.6297603	23.0
1598576034.7297604	27.0
1598576034.8297603	29.0
1598576034.9297605	20.0
1598576035.0297604	20.0
1598576035.1297603	15.0
1598576035.2297602	24.0
1598576035.32976	16.0
1598576035.4297602	14.0
1598576035.5297601	25.0
1598576035.62976	21.0
1598576035.7297602	29.0
1598576035.8297598	26.0
1598576035.9297597	19.0
1598576036.02976	31.0
1598576036.1297598	17.0
1598576036.22976	18.0
1598576036.3297598	17.0
1598576036.4297595	21.0
1598576036.5297596	18.0
1598576036.6297596	23.0
1598576036.7297597	22.0
1598576036.8297596	24.0
1598576036.9297595	20.0
1598576037.0297596	33.0
1598576037.1297593	21.0
1598576037.2297592	21.0
1598576037.3297594	30.0
1598576037.4297593	16.0
1598576037.5297594	31.0
1598576037.6297593	26.0
1598576037.729759	24.0
1598576037.8297591	17.0
1598576037.929759	26.0
1598576038.0297592	27.0
1598576038.129759	24.0
1598576038.229759	36.0
1598576038.3297591	21.0
1598576038.4297588	25.0
1598576038.529759	23.0
1598576038.6297588	18.0
1598576038.7297587	24.0
1598576038.829759	20.0
1598576038.9297588	24.0
1598576039.0297585	17.0
1598576039.1297586	18.0
1598576039.2297585	15.0
1598576039.3297586	22.0
1598576039.4297585	20.0
1598576039.5297585	25.0
1598576039.6297584	25.0
1598576039.7297583	32.0
1598576039.8297584	25.0
1598576039.9297583	31.0
1598576040.0297582	18.0
1598576040.1297584	20.0
1598576040.2297583	28.0
1598576040.3297582	22.0
1598576040.429758	19.0
1598576040.529758	30.0
1598576040.6297581	15.0
1598576040.729758	27.0
1598576040.8297582	23.0
1598576040.9297578	20.0
1598576041.0297577	23.0
1598576041.129758	23.0
1598576041.2297578	18.0
1598576041.3297577	22.0
1598576041.4297578	27.0
1598576041.5297577	21.0
1598576041.6297576	22.0
1598576041.7297575	35.0
1598576041.8297575	30.0
1598576041.9297576	29.0
1598576042.0297575	26.0
1598576042.1297576	22.0
1598576042.2297573	31.0
1598576042.3297572	21.0
1598576042.4297574	32.0
1598576042.5297573	48.0
1598576042.6297572	17.0
1598576042.7297573	26.0
1598576042.829757	23.0
1598576042.929757	20.0
1598576043.029757	24.0
1598576043.129757	17.0
1598576043.229757	19.0
1598576043.329757	40.0
1598576043.429757	24.0
1598576043.5297568	26.0
1598576043.6297567	28.0
1598576043.7297568	29.0
1598576043.8297567	25.0
1598576043.9297569	26.0
1598576044.0297568	28.0
1598576044.1297565	21.0
1598576044.2297566	25.0
1598576044.3297565	23.0
1598576044.4297564	31.0
1598576044.5297565	25.0
1598576044.6297565	21.0
1598576044.7297566	23.0
1598576044.8297563	27.0
1598576044.9297562	19.0
1598576045.0297563	28.0
1598576045.1297562	17.0
1598576045.2297564	21.0
1598576045.3297563	41.0
1598576045.429756	25.0
1598576045.529756	29.0
1598576045.629756	14.0
1598576045.729756	17.0
1598576045.829756	34.0
1598576045.929756	29.0
1598576046.0297558	24.0
1598576046.1297557	30.0
1598576046.2297556	25.0
1598576046.3297558	23.0
1598576046.4297557	19.0
1598576046.5297558	27.0
1598576046.6297557	25.0
1598576046.7297554	17.0
1598576046.8297555	22.0
1598576046.9297554	28.0
1598576047.0297556	28.0
1598576047.1297555	14.0
1598576047.2297554	21.0
1598576047.3297553	20.0
1598576047.4297552	22.0
1598576047.5297554	17.0
1598576047.6297553	20.0
1598576047.7297552	27.0
1598576047.8297553	28.0
1598576047.9297552	27.0
1598576048.0297549	18.0
1598576048.129755	28.0
1598576048.229755	23.0
1598576048.329755	24.0
1598576048.429755	27.0
1598576048.5297549	23.0
1598576048.6297548	27.0
1598576048.7297547	21.0
1598576048.8297548	28.0
1598576048.9297547	36.0
1598576049.0297546	33.0
1598576049.1297548	20.0
1598576049.2297544	23.0
1598576049.3297544	20.0
1598576049.4297545	22.0
1598576049.5297544	20.0
1598576049.6297545	36.0
1598576049.7297544	30.0
1598576049.8297544	18.0
1598576049.9297543	23.0
1598576050.0297542	27.0
1598576050.1297543	22.0
1598576050.2297542	24.0
1598576050.329754	25.0
1598576050.4297543	26.0
1598576050.529754	29.0
1598576050.629754	27.0
1598576050.729754	26.0
1598576050.8297539	23.0
1598576050.929754	28.0
1598576051.029754	19.0
1598576051.129754	19.0
1598576051.2297537	27.0
1598576051.3297536	16.0
1598576051.4297538	25.0
1598576051.5297537	29.0
1598576051.6297536	28.0
1598576051.7297537	19.0
1598576051.8297534	29.0
1598576051.9297535	19.0
1598576052.0297534	23.0
1598576052.1297534	19.0
1598576052.2297535	22.0
1598576052.3297534	21.0
1598576052.4297533	15.0
1598576052.5297532	34.0
1598576052.629753	32.0
1598576052.7297533	21.0
1598576052.8297532	31.0
1598576052.9297533	17.0
1598576053.0297532	29.0
1598576053.1297529	29.0
1598576053.229753	17.0
1598576053.329753	30.0
1598576053.4297528	16.0
1598576053.529753	21.0
1598576053.6297529	22.0
1598576053.7297528	36.0
1598576053.8297527	25.0
1598576053.9297526	23.0
1598576054.0297527	27.0
1598576054.1297526	21.0
1598576054.2297528	23.0
1598576054.3297527	15.0
1598576054.4297523	22.0
1598576054.5297525	25.0
1598576054.6297524	28.0
1598576054.7297523	21.0
1598576054.8297524	23.0
1598576054.9297523	21.0
1598576055.0297523	21.0
1598576055.1297522	20.0
1598576055.229752	24.0
1598576055.3297522	23.0
1598576055.429752	21.0
1598576055.5297523	20.0
1598576055.629752	22.0
1598576055.7297518	21.0
1598576055.829752	15.0
1598576055.9297519	17.0
1598576056.029752	28.0
1598576056.129752	24.0
1598576056.2297518	28.0
1598576056.3297517	22.0
1598576056.4297516	23.0
1598576056.5297515	32.0
1598576056.6297517	20.0
1598576056.7297516	24.0
1598576056.8297517	28.0
1598576056.9297514	30.0
1598576057.0297513	28.0
1598576057.1297514	20.0
1598576057.2297513	30.0
1598576057.3297515	19.0
1598576057.4297514	32.0
1598576057.5297513	19.0
1598576057.6297512	22.0
1598576057.729751	23.0
1598576057.8297513	27.0
1598576057.9297512	24.0
1598576058.029751	26.0
1598576058.1297512	22.0
1598576058.2297509	21.0
1598576058.3297508	23.0
1598576058.429751	24.0
1598576058.5297508	27.0
1598576058.629751	24.0
1598576058.7297509	22.0
1598576058.8297505	14.0
1598576058.9297507	29.0
1598576059.0297506	23.0
1598576059.1297507	20.0
1598576059.2297506	20.0
1598576059.3297505	21.0
1598576059.4297507	20.0
1598576059.5297503	21.0
1598576059.6297505	29.0
1598576059.7297504	27.0
1598576059.8297503	22.0
1598576059.9297504	32.0
1598576060.0297503	27.0
1598576060.12975	26.0
1598576060.2297502	17.0
1598576060.32975	28.0
1598576060.4297502	25.0
1598576060.52975	14.0
1598576060.62975	13.0
1598576060.7297502	22.0
1598576060.8297498	26.0
1598576060.92975	22.0
1598576061.0297499	20.0
1598576061.1297498	24.0
1598576061.22975	21.0
1598576061.3297498	15.0
1598576061.4297495	21.0
1598576061.5297496	28.0
1598576061.6297495	25.0
1598576061.7297497	25.0
1598576061.8297496	24.0
1598576061.9297495	24.0
1598576062.0297494	26.0
1598576062.1297493	20.0
1598576062.2297494	20.0
1598576062.3297493	19.0
1598576062.4297493	21.0
1598576062.5297494	17.0
1598576062.6297493	27.0
1598576062.7297492	20.0
1598576062.829749	26.0
1598576062.929749	32.0
1598576063.0297492	16.0
1598576063.129749	24.0
1598576063.2297492	15.0
1598576063.3297489	19.0
1598576063.4297488	26.0
1598576063.529749	30.0
1598576063.6297488	14.0
1598576063.7297487	32.0
1598576063.8297489	17.0
1598576063.9297488	23.0
1598576064.0297487	27.0
1598576064.1297486	23.0
1598576064.2297485	24.0
1598576064.3297486	33.0
1598576064.4297485	23.0
1598576064.5297487	21.0
1598576064.6297483	22.0
1598576064.7297482	28.0
1598576064.8297484	20.0
1598576064.9297483	20.0
1598576065.0297484	24.0
1598576065.1297483	24.0
1598576065.229748	28.0
1598576065.3297482	26.0
1598576065.429748	19.0
1598576065.529748	22.0
1598576065.629748	8.0
1598576065.729748	24.0
1598576065.8297482	22.0
1598576065.9297478	21.0
1598576066.0297477	32.0
1598576066.1297479	15.0
1598576066.2297478	21.0
1598576066.329748	17.0
1598576066.4297478	26.0
1598576066.5297475	30.0
1598576066.6297476	13.0
1598576066.7297475	26.0
1598576066.8297474	27.0
1598576066.9297476	26.0
1598576067.0297475	30.0
1598576067.1297476	21.0
1598576067.2297473	23.0
1598576067.3297472	18.0
1598576067.4297473	22.0
1598576067.5297472	28.0
1598576067.6297474	30.0
1598576067.7297473	21.0
1598576067.829747	18.0
1598576067.929747	20.0
1598576068.029747	24.0
1598576068.1297472	27.0
1598576068.229747	26.0
1598576068.329747	25.0
1598576068.4297469	16.0
1598576068.5297468	24.0
1598576068.6297467	26.0
1598576068.7297468	22.0
1598576068.8297467	31.0
1598576068.9297469	20.0
1598576069.0297468	31.0
1598576069.1297464	20.0
1598576069.2297466	18.0
1598576069.3297465	31.0
1598576069.4297466	26.0
1598576069.5297465	21.0
1598576069.6297464	22.0