[{"0": [790, 44, 36, 35, 31, 32, 56, 33, 46, 41, 39, 42, 39, 36, 40, 37, 36, 50, 35, 38, 39, 33, 49, 26, 37, 37, 34, 71, 33, 42]}, null, null, 27600, false, [], false, 0, [], null, 0, 1602189014.0955095, 0, {}]
[{"0": [46, 43, 46, 48, 30, 40, 36, 43, 37, 36, 30, 36, 47, 49, 39, 40, 28, 39, 39, 45, 36, 41, 44, 32, 42, 55, 51, 33, 45, 47]}, null, null, 27800, false, [], false, 0, [], null, 0, 1602189076.1860223, 0, {}]
[{"0": [24, 38, 38, 39, 39, 38, 47, 25, 42, 44, 34, 43, 41, 35, 32, 38, 42, 32, 28, 29, 39, 27, 37, 38, 41, 41, 38, 38, 37, 31]}, null, null, 28000, false, [], false, 0, [], null, 0, 1602189131.5014434, 0, {}]
[{"0": [42, 40, 53, 43, 35, 43, 39, 35, 30, 44, 40, 40, 36, 41, 39, 42, 32, 37, 38, 34, 44, 32, 43, 44, 40, 45, 38, 33, 34, 40]}, null, null, 28200, false, [], false, 0, [], null, 0, 1602189223.4823768, 0, {}]
[{"0": [48, 37, 26, 37, 40, 36, 45, 35, 39, 35, 44, 43, 29, 45, 33, 32, 48, 45, 50, 31, 30, 46, 52, 44, 42, 46, 44, 35, 42, 33]}, null, null, 28400, false, [], false, 0, [], null, 0, 1602189280.0467706, 0, {}]
[{"0": [41, 38, 35, 33, 42, 47, 31, 36, 35, 30, 39, 40, 41, 48, 37, 52, 35, 40, 40, 49, 25, 52, 43, 37, 41, 36, 39, 42, 46, 32]}, null, null, 28600, false, [], false, 0, [], null, 0, 1602189328.262136, 0, {}]
[{"0": [46, 38, 41, 39, 36, 49, 32, 38, 42, 51, 41, 36, 32, 39, 35, 45, 50, 23, 37, 31, 39, 32, 29, 30, 53, 140, 29, 29, 35, 34]}, null, null, 28800, false, [], false, 0, [], null, 0, 1602189414.2151587, 0, {}]
[{"0": [39, 35, 33, 47, 37, 35, 43, 40, 27, 37, 40, 46, 45, 34, 31, 32, 37, 47, 47, 37, 44, 37, 36, 34, 31, 29, 152, 45, 31, 27]}, null, null, 29000, false, [], false, 0, [], null, 0, 1602189473.1164062, 0, {}]
[{"0": [38, 49, 43, 39, 39, 37, 41, 40, 43, 37, 28, 54, 31, 43, 41, 28, 34, 35, 38, 37, 43, 34, 38, 52, 32, 36, 33, 35, 46, 35]}, null, null, 29200, false, [], false, 0, [], null, 0, 1602189531.5072489, 0, {}]
[{"0": [38, 35, 43, 37, 30, 44, 32, 53, 22, 38, 38, 47, 32, 24, 32, 38, 27, 33, 41, 40, 45, 41, 35, 43, 41, 31, 25, 37, 34, 40]}, null, null, 29400, false, [], false, 0, [], null, 0, 1602189623.1058412, 0, {}]
[{"0": [49, 34, 45, 42, 35, 41, 34, 41, 53, 206, 35, 29, 30, 34, 41, 44, 47, 36, 43, 32, 49, 32, 54, 33, 36, 47, 36, 26, 38, 31]}, null, null, 29600, false, [], false, 0, [], null, 0, 1602189677.116021, 0, {}]
[{"0": [48, 50, 34, 40, 25, 31, 40, 30, 34, 30, 32, 37, 39, 37, 35, 26, 34, 40, 43, 39, 203, 73, 30, 33, 56, 38, 45, 57, 38, 56]}, null, null, 29800, false, [], false, 0, [], null, 0, 1602189740.4035184, 0, {}]
[{"0": [31, 51, 34, 41, 45, 34, 44, 33, 37, 49, 35, 35, 36, 40, 40, 40, 48, 47, 39, 36, 41, 39, 33, 41, 44, 36, 38, 29, 44, 31]}, null, null, 30000, false, [], false, 0, [], null, 0, 1602189832.0126915, 0, {}]
[{"0": [27, 36, 34, 44, 55, 32, 47, 38, 39, 35, 46, 26, 219, 39, 25, 35, 48, 20, 40, 34, 33, 31, 52, 31, 34, 46, 36, 23, 44, 42]}, null, null, 30200, false, [], false, 0, [], null, 0, 1602189886.0076172, 0, {}]
[{"0": [216, 49, 45, 34, 32, 36, 234, 33, 37, 27, 32, 43, 34, 32, 41, 29, 40, 45, 30, 38, 49, 36, 30, 31, 38, 31, 33, 34, 40, 30]}, null, null, 30400, false, [], false, 0, [], null, 0, 1602189968.7550843, 0, {}]
[{"0": [29, 44, 45, 227, 36, 29, 41, 34, 38, 42, 33, 40, 30, 42, 37, 31, 42, 42, 46, 51, 23, 45, 48, 40, 32, 37, 31, 38, 51, 39]}, null, null, 30600, false, [], false, 0, [], null, 0, 1602190039.0750418, 0, {}]
[{"0": [43, 35, 33, 33, 36, 44, 47, 42, 33, 26, 34, 29, 38, 31, 37, 35, 42, 26, 29, 30, 28, 37, 49, 33, 34, 68, 43, 37, 47, 37]}, null, null, 30800, false, [], false, 0, [], null, 0, 1602190112.489025, 0, {}]
[{"0": [40, 34, 29, 28, 31, 38, 29, 34, 26, 38, 43, 41, 45, 40, 38, 42, 37, 42, 35, 34, 56, 40, 19, 43, 242, 31, 44, 33, 36, 36]}, null, null, 31000, false, [], false, 0, [], null, 0, 1602190181.1603804, 0, {}]
[{"0": [37, 29, 38, 34, 36, 39, 34, 27, 39, 39, 36, 41, 34, 31, 34, 36, 37, 38, 37, 29, 35, 30, 39, 49, 34, 25, 46, 41, 31, 32]}, null, null, 31200, false, [], false, 0, [], null, 0, 1602190250.766651, 0, {}]
[{"0": [35, 40, 35, 40, 34, 36, 38, 40, 44, 33, 48, 38, 40, 43, 37, 38, 43, 31, 26, 31, 39, 38, 19, 19, 28, 39, 35, 38, 34, 42]}, null, null, 31400, false, [], false, 0, [], null, 0, 1602190322.2802734, 0, {}]
[{"0": [41, 34, 32, 44, 51, 29, 34, 32, 37, 34, 29, 39, 34, 34, 36, 44, 41, 27, 37, 35, 36, 38, 36, 29, 41, 32, 51, 32, 31, 38]}, null, null, 31600, false, [], false, 0, [], null, 0, 1602190389.2931979, 0, {}]
[{"0": [41, 55, 31, 35, 39, 36, 35, 34, 28, 35, 47, 29, 58, 31, 36, 54, 35, 30, 33, 36, 28, 46, 42, 22, 46, 51, 39, 29, 41, 50]}, null, null, 31800, false, [], false, 0, [], null, 0, 1602190456.5331893, 0, {}]
[{"0": [33, 32, 35, 39, 49, 332, 48, 48, 36, 38, 37, 33, 46, 37, 40, 40, 36, 30, 39, 41, 40, 21, 40, 37, 49, 245, 37, 42, 44, 32]}, null, null, 32000, false, [], false, 0, [], null, 0, 1602190524.2518866, 0, {}]
[{"0": [32, 40, 34, 37, 44, 35, 49, 37, 38, 32, 35, 49, 46, 51, 36, 44, 39, 37, 37, 40, 41, 40, 31, 41, 42, 33, 43, 30, 43, 29]}, null, null, 32200, false, [], false, 0, [], null, 0, 1602190602.5953634, 0, {}]
[{"0": [33, 30, 52, 42, 40, 24, 35, 52, 48, 31, 36, 45, 45, 60, 52, 39, 45, 24, 27, 46, 45, 37, 42, 36, 39, 39, 44, 52, 46, 42]}, null, null, 32400, false, [], false, 0, [], null, 0, 1602190668.915217, 0, {}]
[{"0": [40, 42, 33, 34, 28, 42, 288, 51, 42, 40, 46, 37, 39, 46, 38, 42, 40, 38, 36, 38, 36, 43, 33, 33, 34, 138, 34, 49, 47, 32]}, null, null, 32600, false, [], false, 0, [], null, 0, 1602190737.938748, 0, {}]
[{"0": [44, 50, 34, 32, 85, 44, 39, 253, 36, 67, 40, 42, 50, 35, 34, 42, 32, 46, 30, 39, 44, 237, 38, 54, 31, 29, 304, 55, 54, 129]}, null, null, 32800, false, [], false, 0, [], null, 0, 1602190813.294074, 0, {}]
[{"0": [39, 42, 42, 59, 38, 51, 279, 300, 35, 52, 41, 58, 41, 34, 31, 31, 37, 44, 42, 46, 25, 51, 590, 212, 32, 32, 45, 33, 36, 30]}, null, null, 33000, false, [], false, 0, [], null, 0, 1602190888.808227, 0, {}]
[{"0": [47, 41, 112, 72, 386, 37, 38, 69, 48, 28, 34, 40, 43, 53, 51, 144, 51, 42, 50, 37, 375, 35, 508, 276, 38, 41, 42, 42, 40, 149]}, null, null, 33200, false, [], false, 0, [], null, 0, 1602190965.4863124, 0, {}]
[{"0": [32, 31, 68, 36, 345, 36, 44, 47, 42, 44, 33, 50, 91, 42, 43, 91, 56, 68, 215, 47, 41, 33, 45, 50, 29, 35, 29, 39, 52, 29]}, null, null, 33400, false, [], false, 0, [], null, 0, 1602191042.2963076, 0, {}]
[{"0": [52, 188, 41, 52, 58, 58, 37, 64, 73, 67, 48, 42, 187, 44, 58, 40, 60, 76, 91, 58, 240, 39, 31, 149, 61, 140, 63, 140, 37, 196]}, null, null, 33600, false, [], false, 0, [], null, 0, 1602191114.6277437, 0, {}]
[{"0": [50, 55, 166, 40, 31, 305, 40, 37, 52, 65, 34, 58, 37, 44, 56, 37, 244, 336, 372, 34, 35, 45, 44, 91, 41, 41, 337, 187, 79, 49]}, null, null, 33800, false, [], false, 0, [], null, 0, 1602191189.3628874, 0, {}]
[{"0": [125, 205, 123, 347, 66, 49, 36, 38, 333, 63, 313, 44, 58, 95, 154, 342, 35, 43, 39, 54, 38, 83, 31, 35, 34, 42, 38, 72, 65, 324]}, null, null, 34000, false, [], false, 0, [], null, 0, 1602191267.9138718, 0, {}]
[{"0": [547, 38, 37, 49, 44, 49, 356, 61, 48, 51, 36, 146, 96, 75, 306, 99, 295, 50, 39, 33, 39, 360, 77, 690, 45, 40, 267, 53, 43, 45]}, null, null, 34200, false, [], false, 0, [], null, 0, 1602191353.5624828, 0, {}]
[{"0": [44, 38, 42, 39, 23, 46, 64, 36, 32, 58, 77, 47, 290, 46, 49, 156, 82, 43, 47, 32, 461, 47, 43, 44, 41, 72, 419, 238, 101, 33]}, null, null, 34400, false, [], false, 0, [], null, 0, 1602191421.6849718, 0, {}]
[{"0": [39, 56, 58, 33, 59, 33, 70, 242, 1116, 75, 39, 103, 133, 96, 45, 41, 51, 55, 38, 45, 64, 46, 31, 31, 43, 213, 39, 108, 57, 445]}, null, null, 34600, false, [], false, 0, [], null, 0, 1602191507.0338469, 0, {}]
[{"0": [424, 63, 389, 109, 35, 45, 428, 48, 45, 101, 99, 122, 100, 149, 75, 47, 46, 47, 55, 338, 595, 91, 48, 59, 77, 127, 48, 49, 53, 49]}, null, null, 34800, false, [], false, 0, [], null, 0, 1602191582.0620608, 0, {}]
[{"0": [40, 32, 40, 44, 61, 39, 43, 41, 61, 42, 70, 138, 714, 46, 44, 43, 52, 464, 49, 42, 175, 35, 67, 97, 132, 270, 150, 140, 54, 36]}, null, null, 35000, false, [], false, 0, [], null, 0, 1602191659.5969827, 0, {}]
[{"0": [35, 35, 55, 415, 1532, 103, 52, 61, 57, 41, 45, 36, 45, 47, 33, 36, 59, 48, 56, 60, 59, 35, 89, 56, 51, 53, 318, 48, 33, 31]}, null, null, 35200, false, [], false, 0, [], null, 0, 1602191743.865294, 0, {}]
[{"0": [583, 402, 124, 53, 47, 672, 556, 527, 129, 178, 48, 43, 52, 40, 54, 106, 213, 44, 138, 51, 40, 112, 369, 41, 166, 78, 46, 55, 45, 53]}, null, null, 35400, false, [], false, 0, [], null, 0, 1602191816.7719965, 0, {}]
[{"0": [70, 43, 36, 50, 38, 79, 32, 192, 172, 25, 48, 35, 39, 60, 400, 472, 45, 41, 680, 84, 614, 54, 53, 165, 50, 71, 33, 60, 47, 41]}, null, null, 35600, false, [], false, 0, [], null, 0, 1602191898.4831564, 0, {}]
