[{"0": [38, 42, 43, 28, 39, 38, 41, 44, 499, 38, 44, 34, 39, 56, 56, 32, 36, 41, 37, 46, 39, 29, 32, 46, 43, 42, 42, 30, 43, 40]}, null, null, 27600, false, [], false, 0, [], null, 0, 1602199144.336421, 0, {}]
[{"0": [47, 41, 35, 37, 52, 37, 29, 38, 35, 38, 47, 42, 50, 29, 41, 38, 36, 39, 42, 47, 50, 39, 43, 40, 41, 46, 224, 44, 44, 43]}, null, null, 27800, false, [], false, 0, [], null, 0, 1602199221.7083428, 0, {}]
[{"0": [38, 41, 47, 58, 44, 37, 50, 27, 39, 35, 37, 46, 34, 94, 37, 46, 37, 185, 42, 36, 39, 30, 46, 35, 38, 41, 38, 35, 40, 39]}, null, null, 28000, false, [], false, 0, [], null, 0, 1602199299.2261002, 0, {}]
[{"0": [39, 39, 42, 35, 35, 33, 36, 40, 49, 45, 40, 40, 39, 42, 33, 36, 37, 37, 38, 43, 31, 33, 49, 53, 42, 26, 51, 48, 30, 41]}, null, null, 28200, false, [], false, 0, [], null, 0, 1602199398.2649434, 0, {}]
[{"0": [35, 48, 48, 46, 40, 47, 38, 32, 49, 41, 53, 29, 34, 37, 40, 33, 42, 35, 48, 41, 41, 142, 25, 39, 48, 46, 37, 41, 35, 36]}, null, null, 28400, false, [], false, 0, [], null, 0, 1602199468.7334774, 0, {}]
[{"0": [35, 41, 34, 36, 37, 44, 33, 42, 45, 45, 41, 29, 48, 28, 35, 49, 33, 48, 46, 42, 47, 40, 36, 42, 37, 38, 34, 44, 33, 38]}, null, null, 28600, false, [], false, 0, [], null, 0, 1602199520.7358806, 0, {}]
[{"0": [43, 42, 38, 36, 51, 37, 30, 43, 51, 42, 37, 28, 40, 41, 38, 41, 39, 43, 37, 45, 31, 40, 38, 45, 36, 41, 26, 44, 43, 45]}, null, null, 28800, false, [], false, 0, [], null, 0, 1602199604.1745112, 0, {}]
[{"0": [37, 42, 48, 45, 39, 26, 41, 51, 44, 42, 48, 49, 47, 34, 48, 49, 31, 37, 45, 34, 47, 36, 33, 35, 36, 50, 40, 36, 51, 39]}, null, null, 29000, false, [], false, 0, [], null, 0, 1602199676.7341053, 0, {}]
[{"0": [45, 45, 32, 49, 46, 43, 34, 44, 44, 39, 35, 54, 44, 29, 44, 26, 32, 44, 46, 35, 38, 25, 39, 41, 33, 31, 62, 45, 43, 53]}, null, null, 29200, false, [], false, 0, [], null, 0, 1602199726.066821, 0, {}]
[{"0": [44, 58, 37, 43, 36, 41, 28, 54, 40, 33, 46, 41, 39, 45, 40, 34, 39, 31, 31, 58, 135, 44, 46, 36, 50, 44, 45, 27, 37, 43]}, null, null, 29400, false, [], false, 0, [], null, 0, 1602199811.9407542, 0, {}]
[{"0": [41, 33, 40, 43, 43, 45, 30, 36, 41, 36, 40, 45, 41, 36, 42, 38, 37, 39, 41, 47, 49, 52, 29, 38, 44, 37, 52, 48, 41, 40]}, null, null, 29600, false, [], false, 0, [], null, 0, 1602199878.8029451, 0, {}]
[{"0": [37, 31, 24, 46, 39, 36, 34, 36, 41, 47, 41, 44, 38, 29, 44, 35, 44, 40, 31, 47, 44, 45, 32, 32, 46, 35, 40, 48, 47, 420]}, null, null, 29800, false, [], false, 0, [], null, 0, 1602199939.8662086, 0, {}]
[{"0": [33, 38, 38, 48, 41, 34, 43, 38, 42, 47, 32, 38, 47, 42, 56, 47, 36, 49, 46, 43, 105, 52, 40, 37, 35, 42, 37, 41, 40, 61]}, null, null, 30000, false, [], false, 0, [], null, 0, 1602200041.5178535, 0, {}]
[{"0": [41, 47, 42, 47, 37, 34, 50, 38, 28, 42, 34, 32, 35, 53, 43, 32, 37, 41, 43, 40, 41, 34, 35, 31, 112, 44, 29, 43, 47, 51]}, null, null, 30200, false, [], false, 0, [], null, 0, 1602200104.7133207, 0, {}]
[{"0": [31, 41, 35, 39, 54, 30, 32, 26, 32, 23, 35, 37, 33, 43, 34, 40, 41, 29, 35, 32, 38, 44, 37, 40, 35, 43, 76, 83, 42, 29]}, null, null, 30400, false, [], false, 0, [], null, 0, 1602200208.2617266, 0, {}]
[{"0": [48, 39, 46, 32, 56, 37, 55, 61, 32, 37, 35, 40, 47, 40, 47, 39, 40, 40, 33, 39, 37, 43, 34, 37, 35, 34, 41, 40, 74, 46]}, null, null, 30600, false, [], false, 0, [], null, 0, 1602200280.0603216, 0, {}]
[{"0": [46, 54, 33, 40, 48, 52, 29, 31, 37, 38, 43, 31, 29, 31, 72, 41, 33, 37, 34, 45, 35, 41, 34, 44, 48, 53, 34, 41, 40, 44]}, null, null, 30800, false, [], false, 0, [], null, 0, 1602200349.2777083, 0, {}]
[{"0": [42, 40, 59, 33, 37, 40, 49, 46, 33, 56, 43, 35, 39, 50, 34, 40, 29, 39, 34, 42, 52, 613, 39, 42, 43, 43, 38, 35, 51, 64]}, null, null, 31000, false, [], false, 0, [], null, 0, 1602200418.631081, 0, {}]
[{"0": [47, 32, 34, 46, 36, 56, 27, 37, 52, 48, 44, 44, 39, 31, 57, 34, 39, 47, 29, 51, 39, 66, 39, 42, 31, 43, 56, 29, 42, 42]}, null, null, 31200, false, [], false, 0, [], null, 0, 1602200497.4954844, 0, {}]
[{"0": [39, 43, 34, 48, 41, 70, 56, 43, 37, 41, 43, 29, 42, 37, 39, 45, 45, 31, 36, 49, 65, 582, 44, 36, 29, 43, 596, 41, 62, 44]}, null, null, 31400, false, [], false, 0, [], null, 0, 1602200569.7433803, 0, {}]
[{"0": [41, 27, 38, 45, 38, 42, 37, 33, 34, 27, 40, 44, 42, 45, 46, 43, 62, 71, 46, 58, 35, 33, 33, 33, 42, 38, 45, 43, 37, 61]}, null, null, 31600, false, [], false, 0, [], null, 0, 1602200662.5242636, 0, {}]
[{"0": [44, 39, 57, 48, 34, 53, 51, 42, 42, 44, 34, 42, 43, 49, 36, 43, 40, 40, 34, 31, 47, 44, 39, 43, 39, 35, 41, 34, 33, 48]}, null, null, 31800, false, [], false, 0, [], null, 0, 1602200731.4933167, 0, {}]
[{"0": [51, 39, 47, 856, 41, 65, 50, 45, 40, 38, 29, 46, 48, 44, 37, 40, 46, 33, 44, 37, 29, 34, 41, 41, 47, 45, 49, 56, 39, 50]}, null, null, 32000, false, [], false, 0, [], null, 0, 1602200799.8816807, 0, {}]
[{"0": [75, 54, 44, 33, 28, 48, 50, 36, 43, 42, 31, 38, 47, 41, 48, 37, 28, 59, 625, 33, 40, 44, 35, 40, 47, 22, 48, 47, 50, 65]}, null, null, 32200, false, [], false, 0, [], null, 0, 1602200880.488643, 0, {}]
[{"0": [43, 42, 53, 45, 39, 36, 66, 41, 32, 60, 57, 34, 75, 61, 42, 47, 45, 49, 39, 40, 37, 27, 661, 40, 37, 49, 42, 41, 41, 49]}, null, null, 32400, false, [], false, 0, [], null, 0, 1602200959.48166, 0, {}]
[{"0": [104, 32, 44, 34, 30, 27, 39, 28, 39, 32, 26, 39, 54, 787, 40, 40, 49, 55, 39, 38, 40, 46, 36, 39, 49, 35, 39, 38, 34, 45]}, null, null, 32600, false, [], false, 0, [], null, 0, 1602201040.0540724, 0, {}]
[{"0": [50, 33, 45, 41, 41, 44, 35, 383, 31, 47, 43, 65, 51, 203, 49, 49, 43, 47, 38, 54, 55, 62, 70, 50, 29, 38, 36, 54, 42, 50]}, null, null, 32800, false, [], false, 0, [], null, 0, 1602201129.540624, 0, {}]
[{"0": [55, 75, 53, 46, 90, 55, 61, 36, 47, 40, 43, 38, 44, 342, 138, 73, 27, 31, 38, 38, 44, 87, 40, 801, 42, 42, 32, 38, 36, 50]}, null, null, 33000, false, [], false, 0, [], null, 0, 1602201217.3973346, 0, {}]
[{"0": [46, 568, 38, 59, 36, 28, 34, 38, 60, 68, 50, 93, 44, 35, 399, 48, 70, 117, 57, 61, 168, 54, 40, 46, 53, 55, 70, 434, 52, 50]}, null, null, 33200, false, [], false, 0, [], null, 0, 1602201338.0849879, 0, {}]
[{"0": [46, 31, 44, 38, 50, 48, 97, 127, 164, 63, 76, 67, 43, 68, 195, 59, 394, 135, 138, 35, 52, 26, 36, 56, 64, 65, 81, 58, 123, 127]}, null, null, 33400, false, [], false, 0, [], null, 0, 1602201469.208923, 0, {}]
[{"0": [98, 56, 69, 107, 68, 215, 43, 81, 47, 80, 45, 528, 50, 178, 50, 71, 57, 51, 45, 38, 38, 33, 71, 40, 43, 184, 51, 70, 61, 52]}, null, null, 33600, false, [], false, 0, [], null, 0, 1602201651.4531722, 0, {}]
[{"0": [35, 112, 33, 38, 30, 51, 37, 39, 46, 38, 42, 29, 57, 41, 65, 39, 50, 45, 41, 106, 35, 51, 38, 81, 38, 42, 82, 64, 107, 94]}, null, null, 33800, false, [], false, 0, [], null, 0, 1602201792.7764492, 0, {}]
[{"0": [57, 45, 45, 34, 41, 43, 30, 38, 43, 66, 34, 85, 51, 47, 29, 37, 39, 44, 40, 35, 152, 42, 41, 38, 30, 55, 33, 83, 60, 62]}, null, null, 34000, false, [], false, 0, [], null, 0, 1602201923.9502454, 0, {}]
[{"0": [71, 34, 41, 41, 34, 28, 37, 38, 38, 34, 34, 46, 49, 31, 36, 39, 46, 57, 49, 39, 43, 37, 38, 44, 41, 28, 32, 64, 106, 47]}, null, null, 34200, false, [], false, 0, [], null, 0, 1602202026.492053, 0, {}]
[{"0": [61, 44, 38, 36, 32, 46, 38, 34, 50, 42, 39, 38, 37, 47, 31, 40, 32, 29, 45, 45, 51, 30, 56, 34, 39, 45, 35, 38, 42, 46]}, null, null, 34400, false, [], false, 0, [], null, 0, 1602202105.6016676, 0, {}]
[{"0": [39, 41, 41, 41, 35, 108, 44, 82, 50, 258, 34, 61, 73, 56, 54, 75, 40, 47, 48, 40, 24, 31, 36, 45, 37, 45, 43, 36, 34, 37]}, null, null, 34600, false, [], false, 0, [], null, 0, 1602202174.1965642, 0, {}]
[{"0": [39, 27, 37, 30, 33, 40, 44, 70, 36, 44, 37, 40, 34, 51, 42, 38, 38, 44, 33, 54, 38, 36, 34, 92, 52, 49, 44, 47, 28, 59]}, null, null, 34800, false, [], false, 0, [], null, 0, 1602202275.87039, 0, {}]
[{"0": [62, 40, 34, 79, 73, 118, 33, 48, 39, 53, 36, 34, 41, 45, 36, 34, 36, 34, 39, 42, 41, 40, 59, 51, 34, 33, 39, 45, 38, 37]}, null, null, 35000, false, [], false, 0, [], null, 0, 1602202355.96786, 0, {}]
[{"0": [35, 50, 36, 43, 46, 26, 34, 43, 33, 34, 34, 36, 45, 43, 41, 27, 28, 31, 47, 38, 28, 39, 34, 44, 43, 25, 33, 36, 34, 42]}, null, null, 35200, false, [], false, 0, [], null, 0, 1602202434.6563644, 0, {}]
[{"0": [42, 43, 34, 33, 35, 37, 49, 296, 137, 107, 39, 40, 34, 37, 102, 65, 59, 35, 37, 40, 41, 44, 29, 30, 33, 33, 48, 37, 50, 35]}, null, null, 35400, false, [], false, 0, [], null, 0, 1602202503.7930946, 0, {}]
[{"0": [33, 31, 27, 29, 39, 39, 41, 40, 63, 281, 44, 35, 27, 45, 35, 368, 41, 35, 36, 40, 37, 48, 37, 59, 31, 181, 53, 42, 59, 31]}, null, null, 35600, false, [], false, 0, [], null, 0, 1602202615.177845, 0, {}]
[{"0": [32, 40, 49, 35, 39, 58, 42, 40, 39, 65, 44, 54, 51, 1407, 29, 74, 36, 28, 32, 47, 39, 86, 34, 29, 38, 45, 30, 44, 38, 45]}, null, null, 35800, false, [], false, 0, [], null, 0, 1602202716.6777852, 0, {}]
[{"0": [37, 38, 41, 45, 28, 44, 60, 47, 82, 43, 47, 23, 32, 39, 43, 38, 62, 75, 44, 1090, 37, 49, 45, 36, 34, 48, 649, 727, 52, 52]}, null, null, 36000, false, [], false, 0, [], null, 0, 1602202808.6694167, 0, {}]
[{"0": [31, 41, 34, 39, 41, 43, 34, 43, 47, 40, 41, 32, 45, 35, 48, 44, 41, 36, 46, 45, 39, 46, 39, 33, 24, 144, 40, 36, 43, 51]}, null, null, 36200, false, [], false, 0, [], null, 0, 1602202920.5325186, 0, {}]
[{"0": [27, 49, 38, 27, 1352, 33, 46, 56, 52, 38, 54, 67, 60, 69, 39, 40, 31, 54, 44, 853, 44, 40, 36, 37, 34, 37, 51, 43, 107, 58]}, null, null, 36400, false, [], false, 0, [], null, 0, 1602202999.838478, 0, {}]
[{"0": [73, 56, 1128, 46, 45, 36, 44, 22, 38, 39, 61, 59, 59, 44, 28, 49, 46, 280, 48, 55, 49, 56, 31, 45, 34, 39, 37, 34, 46, 43]}, null, null, 36600, false, [], false, 0, [], null, 0, 1602203092.9672394, 0, {}]
[{"0": [33, 44, 52, 39, 63, 36, 609, 1146, 145, 35, 46, 53, 53, 45, 38, 43, 65, 35, 579, 78, 56, 725, 28, 46, 43, 29, 34, 54, 35, 34]}, null, null, 36800, false, [], false, 0, [], null, 0, 1602203188.4866831, 0, {}]
[{"0": [30, 54, 68, 154, 69, 51, 43, 45, 34, 45, 49, 553, 47, 52, 39, 35, 40, 28, 44, 56, 676, 84, 40, 36, 52, 32, 44, 46, 105, 114]}, null, null, 37000, false, [], false, 0, [], null, 0, 1602203321.3119802, 0, {}]
[{"0": [39, 41, 38, 39, 56, 38, 595, 447, 35, 47, 51, 32, 76, 44, 42, 31, 44, 38, 44, 46, 35, 41, 56, 36, 44, 34, 46, 40, 50, 47]}, null, null, 37200, false, [], false, 0, [], null, 0, 1602203430.7386484, 0, {}]
[{"0": [57, 38, 39, 46, 42, 468, 49, 39, 37, 41, 45, 39, 50, 29, 358, 49, 26, 70, 59, 31, 49, 48, 156, 155, 34, 35, 47, 36, 40, 30]}, null, null, 37400, false, [], false, 0, [], null, 0, 1602203543.4797661, 0, {}]
[{"0": [43, 30, 37, 40, 49, 53, 200, 56, 47, 38, 38, 40, 53, 43, 78, 32, 56, 31, 366, 58, 45, 62, 48, 92, 70, 47, 41, 43, 61, 35]}, null, null, 37600, false, [], false, 0, [], null, 0, 1602203632.0662193, 0, {}]
[{"0": [48, 26, 39, 40, 34, 40, 63, 44, 41, 32, 43, 35, 72, 48, 137, 37, 39, 42, 64, 39, 31, 38, 42, 46, 33, 54, 43, 49, 30, 37]}, null, null, 37800, false, [], false, 0, [], null, 0, 1602203753.138851, 0, {}]
[{"0": [23, 72, 52, 550, 38, 50, 62, 42, 45, 47, 27, 54, 37, 41, 51, 39, 67, 37, 37, 44, 43, 47, 1649, 72, 43, 40, 43, 40, 44, 73]}, null, null, 38000, false, [], false, 0, [], null, 0, 1602203810.9560363, 0, {}]
[{"0": [47, 35, 27, 38, 43, 35, 37, 46, 33, 115, 34, 38, 48, 34, 41, 50, 607, 45, 30, 44, 43, 31, 36, 26, 42, 43, 30, 47, 54, 39]}, null, null, 38200, false, [], false, 0, [], null, 0, 1602203925.1109192, 0, {}]
[{"0": [36, 29, 61, 38, 36, 115, 50, 45, 41, 37, 40, 40, 31, 36, 46, 46, 45, 46, 55, 52, 33, 74, 48, 30, 45, 36, 35, 64, 29, 47]}, null, null, 38400, false, [], false, 0, [], null, 0, 1602203993.3263845, 0, {}]
[{"0": [31, 43, 33, 31, 37, 37, 40, 33, 38, 30, 44, 30, 46, 36, 71, 51, 40, 42, 167, 30, 46, 42, 52, 43, 36, 40, 580, 47, 48, 53]}, null, null, 38600, false, [], false, 0, [], null, 0, 1602204086.740261, 0, {}]
[{"0": [39, 34, 44, 37, 39, 51, 45, 60, 32, 36, 50, 44, 42, 31, 52, 39, 43, 51, 34, 48, 69, 47, 31, 110, 41, 604, 68, 43, 46, 36]}, null, null, 38800, false, [], false, 0, [], null, 0, 1602204172.9879444, 0, {}]
[{"0": [47, 118, 53, 36, 30, 33, 34, 38, 33, 45, 329, 44, 32, 42, 44, 37, 39, 38, 50, 47, 34, 45, 40, 37, 51, 71, 33, 39, 33, 37]}, null, null, 39000, false, [], false, 0, [], null, 0, 1602204269.9544368, 0, {}]
[{"0": [82, 126, 66, 47, 37, 42, 38, 49, 37, 42, 35, 609, 38, 35, 39, 32, 37, 39, 38, 48, 41, 24, 37, 55, 38, 52, 36, 36, 50, 30]}, null, null, 39200, false, [], false, 0, [], null, 0, 1602204354.1424274, 0, {}]
[{"0": [40, 49, 97, 30, 41, 44, 32, 144, 42, 33, 41, 46, 50, 35, 40, 40, 42, 67, 42, 43, 41, 41, 32, 41, 59, 48, 44, 25, 36, 51]}, null, null, 39400, false, [], false, 0, [], null, 0, 1602204455.5340571, 0, {}]
[{"0": [49, 45, 31, 30, 41, 37, 41, 118, 41, 34, 60, 48, 37, 40, 44, 44, 18, 56, 110, 41, 43, 51, 31, 40, 53, 36, 41, 44, 40, 41]}, null, null, 39600, false, [], false, 0, [], null, 0, 1602204547.5711908, 0, {}]
[{"0": [46, 33, 42, 30, 58, 36, 29, 36, 35, 36, 41, 38, 33, 33, 57, 41, 40, 43, 56, 49, 54, 44, 126, 35, 39, 33, 43, 38, 67, 54]}, null, null, 39800, false, [], false, 0, [], null, 0, 1602204637.7738767, 0, {}]
[{"0": [612, 29, 48, 70, 37, 67, 31, 39, 48, 40, 41, 53, 46, 47, 39, 42, 46, 778, 46, 47, 63, 40, 46, 41, 32, 34, 575, 47, 39, 42]}, null, null, 40000, true, [], false, 0, [], null, 0, 1602204719.5084548, 0, {}]
