[{"0": [734, 50, 46, 33, 42, 39, 30, 47, 48, 30, 35, 38, 53, 43, 33, 36, 26, 30, 28, 42, 44, 39, 40, 42, 37, 25, 45, 41, 40, 42]}, null, null, 27600, false, [], false, 0, [], null, 0, 1602192673.4743743, 0, {}]
[{"0": [42, 30, 31, 29, 49, 36, 33, 34, 36, 31, 43, 43, 46, 35, 39, 37, 45, 35, 38, 40, 50, 45, 24, 31, 38, 36, 33, 36, 26, 38]}, null, null, 27800, false, [], false, 0, [], null, 0, 1602192757.0130813, 0, {}]
[{"0": [39, 45, 44, 44, 38, 48, 57, 50, 38, 33, 42, 40, 42, 43, 51, 35, 33, 41, 43, 37, 30, 38, 36, 34, 29, 43, 33, 37, 42, 40]}, null, null, 28000, false, [], false, 0, [], null, 0, 1602192817.7855713, 0, {}]
[{"0": [39, 40, 48, 34, 49, 38, 43, 44, 42, 41, 31, 45, 45, 31, 28, 24, 34, 46, 73, 34, 54, 35, 44, 38, 32, 54, 160, 34, 26, 49]}, null, null, 28200, false, [], false, 0, [], null, 0, 1602192875.1987078, 0, {}]
[{"0": [29, 39, 33, 45, 38, 49, 52, 43, 34, 35, 36, 37, 49, 35, 40, 30, 37, 35, 41, 38, 45, 42, 36, 37, 33, 46, 201, 178, 181, 205]}, null, null, 28400, false, [], false, 0, [], null, 0, 1602192960.778888, 0, {}]
[{"0": [231, 265, 275, 37, 35, 40, 23, 55, 31, 40, 28, 43, 39, 41, 152, 39, 56, 40, 31, 48, 62, 36, 43, 51, 37, 39, 44, 42, 32, 47]}, null, null, 28600, false, [], false, 0, [], null, 0, 1602193076.554491, 0, {}]
[{"0": [44, 55, 36, 36, 34, 30, 38, 48, 40, 38, 40, 44, 38, 67, 44, 34, 59, 28, 46, 62, 36, 54, 47, 46, 43, 34, 45, 38, 33, 30]}, null, null, 28800, false, [], false, 0, [], null, 0, 1602193191.572952, 0, {}]
[{"0": [30, 36, 31, 34, 35, 32, 38, 38, 35, 20, 40, 34, 44, 30, 45, 46, 32, 50, 37, 33, 33, 28, 43, 41, 40, 42, 51, 36, 38, 51]}, null, null, 29000, false, [], false, 0, [], null, 0, 1602193260.1650133, 0, {}]
[{"0": [42, 42, 48, 43, 39, 38, 38, 47, 42, 36, 38, 35, 43, 55, 38, 32, 44, 50, 43, 45, 42, 38, 31, 46, 41, 48, 452, 579, 51, 37]}, null, null, 29200, false, [], false, 0, [], null, 0, 1602193327.6317103, 0, {}]
[{"0": [41, 42, 36, 41, 40, 42, 42, 31, 48, 56, 41, 39, 42, 43, 36, 54, 43, 46, 42, 38, 105, 38, 38, 44, 34, 60, 51, 60, 33, 48]}, null, null, 29400, false, [], false, 0, [], null, 0, 1602193413.639951, 0, {}]
[{"0": [41, 33, 42, 35, 45, 43, 34, 38, 42, 50, 43, 49, 38, 47, 41, 51, 41, 36, 32, 45, 44, 33, 37, 36, 28, 44, 37, 37, 45, 30]}, null, null, 29600, false, [], false, 0, [], null, 0, 1602193503.383978, 0, {}]
[{"0": [53, 33, 40, 47, 40, 53, 47, 212, 557, 40, 37, 119, 42, 49, 45, 38, 55, 55, 62, 50, 38, 64, 45, 41, 35, 52, 60, 63, 37, 41]}, null, null, 29800, false, [], false, 0, [], null, 0, 1602193564.2566245, 0, {}]
[{"0": [46, 48, 46, 52, 48, 45, 64, 39, 44, 34, 54, 51, 42, 43, 37, 43, 36, 27, 40, 513, 43, 33, 42, 413, 43, 42, 44, 39, 40, 39]}, null, null, 30000, false, [], false, 0, [], null, 0, 1602193671.1066468, 0, {}]
[{"0": [36, 46, 32, 32, 52, 38, 37, 37, 51, 44, 43, 73, 34, 58, 55, 34, 34, 36, 37, 57, 47, 104, 42, 50, 35, 58, 39, 45, 40, 39]}, null, null, 30200, false, [], false, 0, [], null, 0, 1602193763.5488868, 0, {}]
[{"0": [47, 34, 598, 41, 45, 38, 53, 55, 38, 37, 84, 44, 42, 40, 35, 40, 43, 33, 37, 40, 71, 38, 50, 35, 41, 54, 42, 50, 40, 37]}, null, null, 30400, false, [], false, 0, [], null, 0, 1602193846.5371041, 0, {}]
[{"0": [31, 52, 35, 45, 50, 45, 49, 41, 51, 43, 77, 42, 38, 43, 48, 37, 50, 31, 37, 31, 42, 45, 35, 46, 50, 38, 37, 44, 33, 40]}, null, null, 30600, false, [], false, 0, [], null, 0, 1602193942.12227, 0, {}]
[{"0": [35, 45, 40, 38, 60, 36, 40, 60, 40, 34, 49, 55, 40, 56, 32, 42, 56, 56, 48, 39, 41, 49, 32, 51, 25, 46, 31, 45, 42, 50]}, null, null, 30800, false, [], false, 0, [], null, 0, 1602194010.9250576, 0, {}]
[{"0": [48, 35, 57, 43, 38, 46, 35, 42, 48, 43, 50, 42, 40, 27, 44, 40, 42, 41, 45, 39, 44, 58, 46, 43, 41, 45, 43, 28, 37, 38]}, null, null, 31000, false, [], false, 0, [], null, 0, 1602194081.1166053, 0, {}]
[{"0": [41, 38, 53, 38, 47, 36, 60, 53, 39, 39, 51, 40, 37, 41, 31, 48, 39, 49, 36, 39, 48, 39, 115, 48, 31, 36, 118, 41, 37, 42]}, null, null, 31200, false, [], false, 0, [], null, 0, 1602194148.9053857, 0, {}]
[{"0": [39, 45, 40, 43, 40, 39, 48, 39, 51, 38, 22, 40, 42, 51, 52, 41, 44, 38, 41, 34, 30, 47, 42, 48, 34, 43, 74, 41, 46, 27]}, null, null, 31400, false, [], false, 0, [], null, 0, 1602194236.4618678, 0, {}]
[{"0": [39, 41, 39, 40, 41, 32, 49, 36, 43, 34, 43, 39, 39, 45, 38, 30, 42, 43, 41, 36, 34, 43, 42, 39, 39, 42, 38, 43, 33, 40]}, null, null, 31600, false, [], false, 0, [], null, 0, 1602194312.211706, 0, {}]
[{"0": [46, 40, 42, 29, 50, 38, 27, 39, 39, 31, 42, 41, 40, 39, 60, 36, 38, 34, 44, 36, 40, 40, 36, 33, 35, 40, 49, 33, 38, 45]}, null, null, 31800, false, [], false, 0, [], null, 0, 1602194378.9455802, 0, {}]
[{"0": [43, 41, 36, 569, 37, 31, 64, 37, 40, 30, 51, 39, 41, 37, 58, 37, 39, 38, 40, 40, 42, 32, 33, 34, 47, 38, 39, 31, 45, 44]}, null, null, 32000, false, [], false, 0, [], null, 0, 1602194443.8715324, 0, {}]
[{"0": [39, 29, 33, 51, 48, 37, 48, 36, 35, 36, 71, 31, 39, 40, 41, 52, 54, 38, 34, 34, 35, 51, 37, 50, 39, 33, 34, 41, 68, 48]}, null, null, 32200, false, [], false, 0, [], null, 0, 1602194532.1410613, 0, {}]
[{"0": [42, 49, 28, 406, 39, 37, 39, 36, 41, 44, 38, 38, 598, 51, 49, 45, 47, 51, 129, 42, 46, 43, 34, 39, 38, 42, 40, 37, 43, 33]}, null, null, 32400, false, [], false, 0, [], null, 0, 1602194602.599499, 0, {}]
[{"0": [46, 34, 36, 36, 47, 65, 58, 36, 30, 138, 47, 42, 36, 45, 45, 45, 50, 29, 39, 1288, 30, 51, 35, 47, 44, 48, 44, 42, 34, 28]}, null, null, 32600, false, [], false, 0, [], null, 0, 1602194702.3516433, 0, {}]
[{"0": [49, 41, 48, 55, 44, 47, 67, 44, 46, 36, 34, 40, 45, 39, 38, 43, 41, 44, 38, 40, 24, 758, 36, 34, 640, 178, 121, 48, 37, 35]}, null, null, 32800, false, [], false, 0, [], null, 0, 1602194796.4864144, 0, {}]
[{"0": [32, 49, 44, 44, 45, 88, 43, 44, 64, 51, 48, 70, 48, 53, 46, 79, 44, 46, 69, 43, 32, 44, 215, 45, 53, 37, 494, 49, 37, 35]}, null, null, 33000, false, [], false, 0, [], null, 0, 1602194913.7041907, 0, {}]
[{"0": [38, 148, 48, 42, 45, 46, 79, 53, 57, 45, 55, 42, 44, 46, 67, 63, 149, 41, 51, 44, 55, 52, 43, 39, 40, 44, 69, 47, 31, 34]}, null, null, 33200, false, [], false, 0, [], null, 0, 1602195010.8820372, 0, {}]
[{"0": [41, 33, 76, 668, 38, 58, 578, 65, 64, 50, 50, 41, 83, 59, 45, 73, 137, 47, 90, 37, 48, 62, 49, 47, 45, 34, 46, 57, 109, 1121]}, null, null, 33400, false, [], false, 0, [], null, 0, 1602195101.8260922, 0, {}]
[{"0": [31, 44, 46, 131, 113, 41, 38, 509, 70, 625, 41, 39, 59, 22, 65, 43, 48, 44, 33, 72, 45, 678, 48, 109, 42, 180, 52, 101, 569, 156]}, null, null, 33600, false, [], false, 0, [], null, 0, 1602195244.4815366, 0, {}]
[{"0": [49, 40, 90, 32, 156, 197, 974, 53, 250, 129, 27, 364, 60, 123, 43, 26, 35, 151, 59, 61, 77, 166, 71, 134, 64, 88, 147, 43, 89, 66]}, null, null, 33800, false, [], false, 0, [], null, 0, 1602195422.5678134, 0, {}]
[{"0": [69, 140, 39, 37, 56, 40, 33, 49, 38, 63, 168, 287, 52, 48, 83, 573, 33, 65, 36, 44, 249, 49, 129, 46, 37, 38, 55, 68, 31, 44]}, null, null, 34000, false, [], false, 0, [], null, 0, 1602195633.26547, 0, {}]
[{"0": [42, 45, 60, 44, 391, 48, 228, 35, 74, 574, 73, 40, 519, 172, 57, 142, 41, 56, 48, 49, 35, 42, 42, 45, 1212, 421, 57, 43, 48, 40]}, null, null, 34200, false, [], false, 0, [], null, 0, 1602195782.3991103, 0, {}]
[{"0": [60, 570, 174, 43, 260, 91, 75, 143, 66, 46, 40, 88, 247, 36, 33, 59, 62, 50, 267, 58, 63, 37, 55, 48, 41, 60, 675, 448, 60, 49]}, null, null, 34400, false, [], false, 0, [], null, 0, 1602195936.9804544, 0, {}]
[{"0": [61, 54, 43, 78, 55, 44, 54, 73, 67, 50, 75, 59, 152, 605, 178, 55, 56, 64, 45, 58, 30, 52, 57, 63, 96, 113, 30, 42, 67, 36]}, null, null, 34600, false, [], false, 0, [], null, 0, 1602196107.5994956, 0, {}]
[{"0": [41, 38, 46, 38, 62, 65, 256, 56, 439, 63, 110, 76, 46, 47, 46, 30, 33, 31, 56, 103, 433, 69, 54, 35, 654, 46, 237, 319, 44, 32]}, null, null, 34800, false, [], false, 0, [], null, 0, 1602196232.2266324, 0, {}]
[{"0": [40, 40, 38, 44, 788, 50, 37, 41, 71, 62, 57, 258, 31, 48, 59, 87, 52, 44, 59, 586, 39, 53, 272, 720, 139, 52, 168, 66, 90, 33]}, null, null, 35000, false, [], false, 0, [], null, 0, 1602196389.5825984, 0, {}]
[{"0": [57, 49, 60, 80, 167, 33, 43, 49, 47, 57, 63, 647, 36, 44, 490, 53, 53, 356, 46, 48, 38, 36, 52, 155, 1357, 54, 46, 48, 38, 44]}, null, null, 35200, false, [], false, 0, [], null, 0, 1602196545.7218897, 0, {}]
[{"0": [49, 49, 55, 116, 51, 57, 353, 355, 53, 160, 131, 43, 57, 63, 329, 54, 51, 33, 47, 154, 52, 41, 58, 71, 40, 156, 45, 55, 613, 55]}, null, null, 35400, false, [], false, 0, [], null, 0, 1602196678.255274, 0, {}]
[{"0": [723, 215, 47, 42, 47, 39, 847, 55, 61, 56, 60, 63, 46, 46, 44, 68, 36, 38, 47, 130, 568, 411, 374, 734, 39, 58, 61, 46, 304, 34]}, null, null, 35600, false, [], false, 0, [], null, 0, 1602196845.6208882, 0, {}]
[{"0": [35, 61, 41, 114, 43, 41, 52, 50, 29, 89, 129, 98, 493, 41, 39, 45, 60, 72, 41, 55, 44, 40, 35, 31, 59, 68, 53, 46, 54, 46]}, null, null, 35800, false, [], false, 0, [], null, 0, 1602197007.9606833, 0, {}]
[{"0": [45, 46, 40, 36, 48, 40, 44, 43, 54, 58, 635, 49, 72, 61, 165, 172, 368, 48, 44, 1140, 33, 45, 43, 60, 72, 69, 77, 49, 56, 40]}, null, null, 36000, false, [], false, 0, [], null, 0, 1602197128.465547, 0, {}]
[{"0": [43, 56, 32, 39, 30, 61, 40, 45, 44, 174, 43, 68, 40, 36, 39, 47, 53, 638, 42, 50, 55, 75, 105, 950, 71, 36, 46, 64, 35, 31]}, null, null, 36200, false, [], false, 0, [], null, 0, 1602197253.562593, 0, {}]
[{"0": [42, 49, 117, 555, 46, 60, 348, 34, 637, 433, 40, 63, 45, 50, 611, 935, 65, 35, 46, 39, 39, 36, 32, 46, 52, 45, 49, 63, 580, 85]}, null, null, 36400, false, [], false, 0, [], null, 0, 1602197364.1956236, 0, {}]
[{"0": [113, 201, 149, 61, 37, 36, 51, 43, 41, 49, 45, 40, 44, 43, 32, 35, 52, 26, 44, 45, 46, 30, 220, 48, 673, 55, 50, 107, 73, 47]}, null, null, 36600, false, [], false, 0, [], null, 0, 1602197528.2443817, 0, {}]
[{"0": [40, 36, 31, 36, 72, 59, 52, 828, 46, 41, 52, 37, 45, 34, 49, 36, 34, 49, 37, 61, 44, 630, 45, 49, 46, 141, 40, 41, 301, 87]}, null, null, 36800, false, [], false, 0, [], null, 0, 1602197666.523007, 0, {}]
[{"0": [37, 42, 37, 35, 40, 43, 47, 32, 45, 49, 33, 45, 32, 46, 39, 32, 37, 45, 36, 36, 50, 41, 44, 43, 38, 41, 36, 41, 37, 32]}, null, null, 37000, false, [], false, 0, [], null, 0, 1602197786.8082638, 0, {}]
[{"0": [48, 36, 62, 29, 42, 39, 35, 42, 31, 526, 57, 44, 41, 59, 35, 43, 43, 49, 63, 41, 45, 44, 43, 40, 75, 40, 53, 36, 42, 44]}, null, null, 37200, false, [], false, 0, [], null, 0, 1602197851.7531474, 0, {}]
[{"0": [49, 47, 31, 31, 32, 48, 57, 127, 41, 39, 31, 36, 51, 57, 33, 39, 41, 38, 45, 52, 39, 184, 48, 36, 38, 53, 39, 36, 43, 57]}, null, null, 37400, false, [], false, 0, [], null, 0, 1602197937.0627866, 0, {}]
[{"0": [53, 42, 43, 57, 39, 162, 32, 34, 36, 43, 40, 30, 42, 28, 44, 31, 74, 1701, 39, 36, 37, 37, 35, 47, 46, 56, 30, 36, 42, 66]}, null, null, 37600, false, [], false, 0, [], null, 0, 1602198025.927518, 0, {}]
[{"0": [58, 66, 45, 44, 41, 38, 40, 29, 39, 145, 54, 36, 43, 49, 30, 31, 27, 37, 37, 37, 40, 31, 30, 45, 119, 40, 43, 42, 28, 40]}, null, null, 37800, false, [], false, 0, [], null, 0, 1602198113.4046304, 0, {}]
[{"0": [45, 42, 46, 31, 57, 636, 30, 43, 31, 44, 35, 39, 46, 30, 39, 212, 65, 42, 68, 61, 195, 45, 50, 49, 62, 37, 46, 36, 42, 52]}, null, null, 38000, false, [], false, 0, [], null, 0, 1602198203.6266813, 0, {}]
[{"0": [57, 63, 31, 53, 38, 36, 56, 39, 34, 43, 49, 64, 47, 45, 48, 39, 884, 50, 74, 47, 46, 69, 52, 41, 35, 40, 57, 34, 35, 36]}, null, null, 38200, false, [], false, 0, [], null, 0, 1602198303.795689, 0, {}]
[{"0": [43, 53, 37, 44, 43, 29, 38, 35, 41, 31, 30, 63, 104, 49, 41, 50, 52, 33, 43, 38, 49, 53, 26, 38, 37, 43, 622, 37, 35, 50]}, null, null, 38400, false, [], false, 0, [], null, 0, 1602198384.835483, 0, {}]
[{"0": [48, 47, 36, 40, 42, 39, 29, 45, 48, 49, 38, 33, 37, 54, 42, 33, 46, 33, 42, 40, 52, 52, 42, 27, 50, 30, 35, 70, 60, 39]}, null, null, 38600, false, [], false, 0, [], null, 0, 1602198469.784516, 0, {}]
[{"0": [43, 33, 54, 41, 48, 40, 159, 51, 42, 47, 31, 52, 43, 45, 53, 50, 42, 37, 44, 35, 41, 25, 119, 52, 33, 46, 47, 40, 36, 114]}, null, null, 38800, false, [], false, 0, [], null, 0, 1602198543.3213437, 0, {}]
[{"0": [41, 38, 36, 45, 63, 45, 34, 31, 40, 34, 44, 27, 135, 28, 37, 37, 33, 66, 42, 49, 45, 44, 36, 54, 36, 32, 27, 36, 21, 41]}, null, null, 39000, false, [], false, 0, [], null, 0, 1602198644.2032669, 0, {}]
[{"0": [35, 344, 41, 43, 60, 53, 41, 37, 37, 57, 60, 46, 39, 35, 43, 37, 68, 44, 54, 71, 40, 49, 77, 622, 35, 29, 42, 27, 28, 42]}, null, null, 39200, false, [], false, 0, [], null, 0, 1602198721.9480476, 0, {}]
[{"0": [43, 39, 887, 36, 48, 33, 52, 41, 40, 33, 35, 44, 40, 39, 44, 53, 33, 24, 48, 33, 57, 47, 55, 34, 43, 39, 36, 40, 43, 44]}, null, null, 39400, false, [], false, 0, [], null, 0, 1602198815.0248733, 0, {}]
[{"0": [31, 41, 45, 33, 40, 46, 33, 47, 42, 32, 36, 33, 44, 40, 38, 35, 28, 40, 45, 50, 40, 52, 47, 36, 70, 29, 41, 29, 42, 45]}, null, null, 39600, false, [], false, 0, [], null, 0, 1602198894.386104, 0, {}]
[{"0": [32, 40, 31, 37, 33, 37, 41, 65, 146, 48, 51, 78, 40, 46, 30, 43, 34, 31, 37, 38, 35, 460, 51, 43, 42, 58, 42, 51, 47, 48]}, null, null, 39800, false, [], false, 0, [], null, 0, 1602198961.9904356, 0, {}]
[{"0": [42, 37, 52, 47, 35, 45, 39, 25, 32, 53, 59, 61, 36, 28, 44, 35, 55, 51, 41, 40, 43, 59, 38, 37, 37, 203, 49, 58, 1264, 39]}, null, null, 40000, true, [], false, 0, [], null, 0, 1602199054.5633063, 0, {}]
