[{"0": [33, 41, 36, 106, 29, 32, 93, 33, 48, 41, 34, 37, 41, 37, 38, 45, 41, 43, 39, 46, 40, 39, 43, 40, 34, 29, 32, 44, 31, 288]}, null, null, 27600, false, [], false, 0, [], null, 0, 1602204821.7529993, 0, {}]
[{"0": [28, 43, 41, 42, 37, 39, 47, 39, 287, 39, 49, 37, 47, 34, 39, 40, 39, 52, 42, 37, 53, 38, 35, 31, 38, 37, 41, 32, 34, 25]}, null, null, 27800, false, [], false, 0, [], null, 0, 1602204914.1447034, 0, {}]
[{"0": [36, 31, 41, 43, 45, 40, 54, 39, 37, 44, 38, 32, 41, 39, 27, 40, 37, 40, 45, 36, 48, 40, 39, 36, 57, 31, 39, 39, 20, 31]}, null, null, 28000, false, [], false, 0, [], null, 0, 1602204997.3096492, 0, {}]
[{"0": [36, 44, 41, 39, 26, 35, 39, 42, 44, 47, 43, 36, 44, 32, 35, 54, 35, 43, 43, 39, 49, 32, 31, 48, 33, 34, 31, 39, 34, 37]}, null, null, 28200, false, [], false, 0, [], null, 0, 1602205065.556143, 0, {}]
[{"0": [45, 40, 44, 47, 34, 36, 29, 27, 30, 37, 51, 51, 33, 29, 47, 30, 36, 27, 30, 34, 32, 35, 36, 34, 34, 41, 35, 43, 39, 44]}, null, null, 28400, false, [], false, 0, [], null, 0, 1602205130.0943816, 0, {}]
[{"0": [36, 38, 31, 43, 31, 34, 33, 33, 37, 31, 43, 39, 35, 27, 29, 32, 34, 36, 32, 39, 42, 28, 33, 49, 27, 47, 39, 34, 36, 47]}, null, null, 28600, false, [], false, 0, [], null, 0, 1602205194.4175704, 0, {}]
[{"0": [36, 28, 42, 39, 31, 47, 36, 38, 36, 23, 36, 53, 39, 34, 38, 31, 38, 33, 47, 39, 35, 30, 36, 36, 33, 35, 42, 45, 33, 32]}, null, null, 28800, false, [], false, 0, [], null, 0, 1602205261.0773568, 0, {}]
[{"0": [40, 34, 27, 36, 37, 41, 48, 38, 35, 40, 55, 53, 39, 36, 51, 52, 23, 36, 30, 41, 36, 39, 30, 38, 29, 29, 46, 42, 40, 35]}, null, null, 29000, false, [], false, 0, [], null, 0, 1602205324.1944518, 0, {}]
[{"0": [44, 449, 30, 35, 53, 29, 46, 41, 34, 50, 24, 41, 37, 46, 379, 37, 40, 35, 36, 37, 101, 35, 51, 41, 37, 26, 38, 52, 64, 26]}, null, null, 29200, false, [], false, 0, [], null, 0, 1602205389.0196738, 0, {}]
[{"0": [37, 43, 41, 43, 51, 61, 37, 45, 88, 46, 40, 30, 42, 97, 51, 44, 36, 36, 43, 103, 35, 59, 34, 49, 41, 40, 38, 110, 36, 47]}, null, null, 29400, false, [], false, 0, [], null, 0, 1602205492.4771183, 0, {}]
[{"0": [37, 45, 40, 43, 31, 45, 31, 45, 44, 39, 942, 43, 35, 34, 37, 38, 39, 37, 40, 45, 29, 36, 33, 34, 35, 50, 28, 38, 39, 44]}, null, null, 29600, false, [], false, 0, [], null, 0, 1602205609.5518568, 0, {}]
[{"0": [47, 31, 43, 40, 33, 38, 36, 37, 29, 103, 52, 32, 28, 44, 36, 36, 42, 45, 47, 37, 54, 31, 45, 50, 35, 45, 47, 33, 42, 41]}, null, null, 29800, false, [], false, 0, [], null, 0, 1602205693.0744193, 0, {}]
[{"0": [51, 528, 75, 49, 39, 36, 45, 42, 29, 35, 43, 45, 468, 34, 46, 553, 43, 37, 47, 56, 60, 28, 36, 49, 29, 36, 43, 31, 47, 48]}, null, null, 30000, false, [], false, 0, [], null, 0, 1602205775.5635092, 0, {}]
[{"0": [46, 48, 39, 53, 32, 1052, 45, 44, 47, 41, 32, 36, 50, 51, 43, 46, 43, 51, 35, 27, 33, 62, 37, 38, 39, 45, 48, 39, 42, 54]}, null, null, 30200, false, [], false, 0, [], null, 0, 1602205873.135061, 0, {}]
[{"0": [50, 63, 29, 61, 46, 58, 34, 33, 26, 52, 40, 26, 39, 554, 46, 45, 36, 42, 57, 47, 47, 46, 46, 45, 37, 40, 54, 34, 29, 36]}, null, null, 30400, false, [], false, 0, [], null, 0, 1602205971.1789997, 0, {}]
[{"0": [39, 43, 52, 52, 35, 46, 50, 39, 36, 37, 41, 94, 52, 33, 32, 29, 36, 55, 31, 38, 35, 44, 52, 35, 48, 46, 47, 32, 38, 39]}, null, null, 30600, false, [], false, 0, [], null, 0, 1602206035.7286074, 0, {}]
[{"0": [68, 40, 49, 34, 40, 37, 34, 31, 42, 43, 37, 50, 44, 37, 42, 47, 38, 40, 37, 36, 44, 27, 34, 34, 46, 32, 43, 39, 42, 28]}, null, null, 30800, false, [], false, 0, [], null, 0, 1602206131.8029227, 0, {}]
[{"0": [26, 38, 36, 40, 60, 40, 45, 32, 41, 38, 32, 26, 33, 39, 46, 48, 54, 47, 33, 35, 39, 30, 38, 34, 35, 47, 38, 45, 59, 43]}, null, null, 31000, false, [], false, 0, [], null, 0, 1602206191.8187144, 0, {}]
[{"0": [53, 55, 30, 39, 41, 40, 39, 42, 33, 40, 46, 36, 64, 42, 36, 47, 30, 33, 42, 36, 38, 40, 39, 42, 44, 44, 59, 30, 34, 37]}, null, null, 31200, false, [], false, 0, [], null, 0, 1602206247.711684, 0, {}]
[{"0": [30, 38, 33, 42, 42, 48, 38, 43, 30, 40, 35, 48, 39, 31, 41, 50, 34, 36, 33, 36, 38, 36, 35, 38, 46, 28, 45, 45, 40, 40]}, null, null, 31400, false, [], false, 0, [], null, 0, 1602206335.5048451, 0, {}]
[{"0": [38, 36, 38, 31, 48, 39, 36, 36, 31, 32, 26, 36, 32, 44, 33, 44, 35, 44, 38, 34, 38, 30, 628, 68, 35, 30, 62, 24, 40, 29]}, null, null, 31600, false, [], false, 0, [], null, 0, 1602206397.3180306, 0, {}]
[{"0": [37, 33, 38, 33, 42, 35, 39, 39, 44, 32, 42, 40, 32, 34, 39, 46, 50, 47, 50, 37, 31, 32, 46, 39, 55, 44, 52, 39, 29, 26]}, null, null, 31800, false, [], false, 0, [], null, 0, 1602206478.5435672, 0, {}]
[{"0": [564, 41, 26, 38, 36, 34, 53, 32, 42, 38, 54, 53, 42, 36, 53, 36, 41, 38, 49, 33, 41, 37, 42, 41, 38, 33, 34, 42, 44, 33]}, null, null, 32000, false, [], false, 0, [], null, 0, 1602206547.6670303, 0, {}]
[{"0": [44, 39, 25, 44, 40, 30, 37, 39, 38, 28, 34, 35, 35, 44, 29, 53, 43, 31, 42, 37, 40, 36, 50, 31, 38, 64, 51, 30, 49, 42]}, null, null, 32200, false, [], false, 0, [], null, 0, 1602206627.3667703, 0, {}]
[{"0": [47, 33, 42, 38, 44, 41, 30, 42, 37, 43, 39, 45, 39, 37, 31, 41, 128, 40, 43, 39, 36, 26, 36, 35, 69, 41, 40, 30, 46, 54]}, null, null, 32400, false, [], false, 0, [], null, 0, 1602206698.3598354, 0, {}]
[{"0": [60, 33, 34, 37, 45, 41, 37, 47, 47, 45, 40, 39, 44, 43, 72, 41, 50, 89, 40, 37, 38, 40, 45, 51, 43, 71, 137, 44, 25, 41]}, null, null, 32600, false, [], false, 0, [], null, 0, 1602206776.835864, 0, {}]
[{"0": [34, 34, 43, 54, 49, 37, 30, 76, 42, 40, 45, 32, 32, 44, 82, 30, 40, 40, 60, 63, 61, 34, 55, 439, 32, 186, 35, 36, 56, 51]}, null, null, 32800, false, [], false, 0, [], null, 0, 1602206867.9650183, 0, {}]
[{"0": [47, 44, 185, 50, 30, 82, 674, 36, 48, 55, 38, 42, 55, 72, 32, 44, 41, 42, 42, 883, 37, 76, 42, 41, 41, 44, 39, 592, 30, 54]}, null, null, 33000, false, [], false, 0, [], null, 0, 1602206966.5696929, 0, {}]
