[{"0": [0, 1, 0, 2, 0, 0, 0, 1, 0, 0, 0, 1, 0, 3, 0, 1, 0, 0, 1, 0, 0, 1, 0, 1, 1, 1, 2, 0, 0, 0, 0, 1, 2, 2, 0, 1, 1, 1, 0, 0, 2, 2, 0, 0, 1, 0, 0, 1, 1, 0, 0, 1, 0, 1, 2, 1, 0, 1, 1, 0]}, null, null, 27000, false, [], false, 0, [], null, 0, 1597176688.0012686, 0, {}]
[{"0": [4, 4, 7, 2, 6, 4, 6, 4, 7, 6, 6, 5, 4, 5, 5, 3, 6, 6, 6, 10, 6, 3, 4, 3, 7, 6, 6, 5, 6, 5, 6, 4, 1, 5, 4, 6, 8, 3, 9, 6, 6, 8, 4, 8, 6, 4, 7, 5, 4, 4, 3, 5, 12, 7, 6, 6, 9, 11, 5, 4]}, null, null, 28000, false, [], false, 0, [], null, 0, 1597176739.9790144, 0, {}]
[{"0": [1, 0, 0, 0, 0, 2, 1, 0, 3, 1, 0, 0, 3, 2, 0, 1, 3, 1, 1, 0, 1, 1, 1, 0, 0, 1, 0, 1, 0, 1, 2, 2, 1, 1, 1, 1, 2, 1, 1, 0, 1, 1, 2, 0, 0, 0, 1, 1, 1, 1, 0, 1, 1, 1, 1, 0, 0, 2, 0, 1]}, null, null, 29000, false, [], false, 0, [], null, 0, 1597176806.7971885, 0, {}]
[{"0": [0, 0, 2, 2, 1, 1, 0, 1, 1, 3, 0, 0, 0, 0, 1, 0, 1, 0, 3, 1, 2, 0, 1, 1, 1, 2, 2, 0, 1, 0, 1, 0, 1, 2, 0, 2, 0, 3, 2, 0, 1, 3, 1, 0, 0, 1, 1, 0, 0, 1, 1, 0, 0, 1, 0, 1, 1, 2, 0, 0]}, null, null, 30000, false, [], false, 0, [], null, 0, 1597176861.7199652, 0, {}]
[{"0": [2, 0, 2, 0, 1, 3, 1, 3, 0, 1, 1, 0, 0, 2, 0, 1, 3, 2, 2, 0, 0, 1, 1, 0, 0, 1, 2, 2, 0, 1, 1, 1, 1, 1, 3, 2, 0, 1, 3, 1, 2, 2, 0, 1, 2, 2, 3, 1, 0, 0, 0, 0, 2, 2, 1, 0, 2, 3, 3, 0]}, null, null, 31000, false, [], false, 0, [], null, 0, 1597176929.4352043, 0, {}]
[{"0": [2, 0, 1, 2, 1, 1, 2, 1, 2, 1, 1, 3, 2, 1, 0, 0, 1, 0, 0, 3, 3, 0, 1, 0, 0, 0, 1, 0, 1, 1, 2, 0, 3, 0, 0, 1, 0, 2, 1, 0, 1, 1, 0, 1, 0, 1, 1, 1, 0, 0, 1, 1, 0, 3, 0, 2, 3, 1, 1, 0]}, null, null, 32000, false, [], false, 0, [], null, 0, 1597176984.5335448, 0, {}]
[{"0": [0, 0, 1, 0, 2, 1, 2, 0, 0, 1, 1, 2, 0, 0, 0, 2, 1, 1, 1, 0, 0, 0, 0, 0, 1, 0, 0, 1, 2, 1, 1, 0, 0, 1, 1, 0, 0, 0, 4, 1, 1, 1, 0, 5, 0, 0, 0, 1, 1, 0, 2, 0, 2, 1, 0, 1, 0, 1, 0, 0]}, null, null, 33000, false, [], false, 0, [], null, 0, 1597177044.543974, 0, {}]
[{"0": [0, 2, 1, 1, 0, 0, 0, 1, 1, 1, 0, 1, 0, 0, 0, 1, 1, 0, 0, 2, 1, 1, 0, 2, 0, 1, 1, 0, 1, 2, 1, 0, 0, 2, 1, 1, 1, 0, 3, 0, 0, 1, 0, 1, 2, 1, 1, 1, 2, 0, 1, 2, 1, 1, 2, 0, 0, 1, 2, 3]}, null, null, 34000, false, [], false, 0, [], null, 0, 1597177104.539013, 0, {}]
[{"0": [1, 2, 0, 2, 0, 1, 0, 2, 2, 1, 1, 0, 1, 0, 1, 0, 1, 1, 0, 1, 1, 0, 1, 0, 2, 1, 0, 1, 1, 0, 2, 0, 1, 2, 1, 0, 0, 1, 0, 2, 1, 2, 0, 0, 0, 0, 2, 1, 3, 0, 2, 2, 0, 1, 1, 1, 1, 0, 1, 0]}, null, null, 35000, false, [], false, 0, [], null, 0, 1597177164.5532756, 0, {}]
[{"0": [0, 0, 1, 1, 1, 1, 1, 1, 2, 0, 0, 0, 1, 2, 2, 0, 0, 0, 0, 0, 1, 2, 0, 1, 1, 2, 1, 0, 0, 0, 1, 1, 0, 2, 1, 1, 0, 1, 1, 0, 1, 2, 0, 1, 1, 1, 0, 0, 1, 1, 2, 3, 2, 1, 2, 0, 0, 0, 1, 2]}, null, null, 36000, false, [], false, 0, [], null, 0, 1597177224.5889635, 0, {}]
[{"0": [1, 1, 2, 3, 2, 1, 1, 3, 0, 0, 1, 1, 0, 2, 1, 0, 0, 0, 0, 0, 0, 0, 1, 1, 0, 1, 0, 0, 0, 3, 1, 1, 0, 0, 1, 3, 2, 0, 1, 1, 1, 0, 0, 0, 1, 0, 0, 0, 0, 1, 0, 1, 1, 1, 0, 0, 2, 0, 1, 1]}, null, null, 37000, false, [], false, 0, [], null, 0, 1597177284.598727, 0, {}]
[{"0": [2, 1, 0, 4, 0, 3, 2, 0, 0, 0, 0, 0, 0, 2, 0, 1, 1, 2, 1, 0, 1, 1, 0, 0, 0, 1, 2, 1, 1, 0, 2, 0, 1, 0, 1, 0, 0, 0, 1, 0, 1, 0, 1, 1, 1, 0, 1, 1, 2, 3, 0, 1, 1, 0, 1, 1, 3, 0, 0, 1]}, null, null, 38000, false, [], false, 0, [], null, 0, 1597177344.5901003, 0, {}]
[{"0": [1, 1, 2, 0, 1, 0, 1, 1, 0, 0, 0, 1, 1, 0, 1, 0, 1, 0, 1, 0, 1, 2, 4, 0, 1, 0, 1, 0, 1, 0, 1, 0, 0, 1, 1, 0, 0, 0, 1, 1, 1, 0, 0, 0, 0, 1, 0, 1, 0, 1, 1, 1, 2, 3, 3, 1, 0, 0, 0, 0]}, null, null, 39000, false, [], false, 0, [], null, 0, 1597177404.5913165, 0, {}]
