[{"0": [995, 47, 43, 47, 37, 41, 62, 46, 35, 37, 31, 46, 37, 56, 47, 45, 48, 34, 48, 32, 41, 51, 45, 45, 44, 43, 47, 53, 31, 37]}, null, null, 28400, false, [], false, 0, [], null, 0, 1601928145.1290169, 0, {}]
[{"0": [47, 50, 46, 49, 45, 52, 42, 43, 54, 49, 47, 44, 42, 40, 58, 41, 42, 55, 58, 42, 53, 47, 47, 41, 42, 50, 33, 42, 49, 32]}, null, null, 28600, false, [], false, 0, [], null, 0, 1601928231.6167932, 0, {}]
[{"0": [39, 54, 44, 42, 54, 45, 48, 46, 59, 38, 50, 47, 38, 42, 47, 55, 29, 32, 55, 49, 45, 25, 38, 54, 38, 43, 36, 53, 39, 28]}, null, null, 28800, false, [], false, 0, [], null, 0, 1601928289.4290314, 0, {}]
[{"0": [38, 43, 54, 45, 51, 41, 55, 38, 40, 58, 42, 44, 54, 44, 63, 43, 36, 44, 44, 43, 34, 38, 49, 36, 57, 48, 51, 48, 48, 52]}, null, null, 29000, false, [], false, 0, [], null, 0, 1601928331.4841802, 0, {}]
[{"0": [63, 56, 50, 48, 61, 45, 36, 42, 54, 35, 102, 40, 58, 39, 47, 43, 60, 43, 54, 46, 61, 54, 60, 55, 49, 63, 46, 521, 60, 46]}, null, null, 29200, false, [], false, 0, [], null, 0, 1601928408.8873112, 0, {}]
[{"0": [49, 56, 50, 47, 54, 61, 44, 45, 50, 46, 47, 53, 37, 49, 67, 62, 49, 55, 45, 39, 35, 44, 50, 34, 46, 538, 57, 136, 53, 30]}, null, null, 29400, false, [], false, 0, [], null, 0, 1601928479.08666, 0, {}]
[{"0": [37, 46, 54, 54, 56, 41, 54, 41, 46, 56, 62, 37, 53, 58, 45, 55, 53, 49, 65, 46, 32, 56, 61, 49, 143, 45, 50, 51, 119, 73]}, null, null, 29600, false, [], false, 0, [], null, 0, 1601928575.466444, 0, {}]
[{"0": [56, 64, 55, 56, 60, 43, 141, 70, 53, 58, 59, 51, 116, 46, 45, 55, 125, 70, 73, 49, 92, 45, 58, 53, 57, 59, 60, 74, 53, 45]}, null, null, 29800, false, [], false, 0, [], null, 0, 1601928670.5975893, 0, {}]
[{"0": [44, 45, 54, 55, 36, 45, 83, 44, 49, 57, 46, 682, 53, 51, 53, 42, 56, 60, 57, 57, 46, 63, 63, 44, 63, 50, 34, 45, 58, 44]}, null, null, 30000, false, [], false, 0, [], null, 0, 1601928721.5569103, 0, {}]
[{"0": [69, 58, 40, 158, 51, 51, 61, 35, 55, 54, 52, 50, 62, 67, 49, 50, 62, 67, 45, 56, 36, 73, 54, 59, 53, 52, 86, 64, 43, 56]}, null, null, 30200, false, [], false, 0, [], null, 0, 1601928767.603287, 0, {}]
[{"0": [63, 69, 54, 60, 63, 49, 65, 51, 177, 728, 51, 42, 38, 42, 48, 62, 45, 41, 47, 62, 51, 91, 59, 49, 52, 51, 45, 41, 50, 60]}, null, null, 30400, false, [], false, 0, [], null, 0, 1601928854.163035, 0, {}]
[{"0": [43, 65, 55, 53, 139, 61, 44, 52, 53, 56, 55, 49, 42, 53, 60, 53, 58, 63, 151, 45, 51, 59, 52, 45, 51, 83, 55, 59, 63, 48]}, null, null, 30600, false, [], false, 0, [], null, 0, 1601928926.6473577, 0, {}]
[{"0": [48, 54, 50, 48, 47, 43, 51, 55, 46, 44, 59, 55, 53, 44, 44, 50, 59, 46, 37, 50, 58, 48, 93, 56, 67, 58, 64, 46, 50, 47]}, null, null, 30800, false, [], false, 0, [], null, 0, 1601928969.795199, 0, {}]
[{"0": [44, 56, 65, 60, 51, 54, 50, 38, 52, 75, 65, 41, 43, 52, 64, 46, 51, 51, 59, 48, 35, 57, 56, 65, 50, 59, 57, 54, 66, 46]}, null, null, 31000, false, [], false, 0, [], null, 0, 1601929044.0857222, 0, {}]
[{"0": [49, 43, 50, 42, 53, 62, 61, 57, 71, 56, 52, 45, 58, 52, 50, 63, 54, 36, 56, 53, 52, 58, 47, 49, 58, 59, 48, 57, 54, 51]}, null, null, 31200, false, [], false, 0, [], null, 0, 1601929118.844793, 0, {}]
[{"0": [56, 54, 56, 56, 49, 56, 49, 45, 43, 57, 51, 69, 54, 54, 59, 53, 53, 46, 48, 51, 56, 49, 42, 49, 72, 49, 53, 48, 64, 57]}, null, null, 31400, false, [], false, 0, [], null, 0, 1601929161.81198, 0, {}]
[{"0": [57, 60, 48, 48, 64, 59, 56, 69, 52, 42, 54, 48, 48, 36, 62, 53, 50, 42, 51, 57, 56, 43, 48, 51, 53, 48, 58, 39, 51, 57]}, null, null, 31600, false, [], false, 0, [], null, 0, 1601929233.0590165, 0, {}]
[{"0": [47, 53, 59, 40, 59, 54, 46, 52, 51, 40, 42, 47, 48, 58, 65, 155, 49, 45, 55, 50, 59, 57, 44, 54, 57, 57, 43, 48, 43, 49]}, null, null, 31800, false, [], false, 0, [], null, 0, 1601929309.8217602, 0, {}]
[{"0": [52, 50, 68, 53, 46, 5919, 55, 48, 52, 56, 53, 54, 35, 64, 64, 45, 49, 53, 40, 54, 61, 42, 50, 44, 40, 53, 55, 53, 49, 44]}, null, null, 32000, true, [], false, 0, [], null, 0, 1601929364.8342807, 0, {}]
