[{"0": [994, 41, 55, 61, 52, 43, 48, 45, 39, 42, 51, 48, 52, 42, 43, 45, 44, 43, 50, 31, 44, 55, 50, 50, 50, 57, 46, 57, 45, 46]}, null, null, 28400, false, [], false, 0, [], null, 0, 1601926385.4773068, 0, {}]
[{"0": [52, 35, 40, 36, 53, 38, 43, 44, 45, 39, 40, 39, 44, 45, 52, 41, 50, 44, 35, 46, 28, 32, 42, 45, 53, 47, 31, 54, 47, 42]}, null, null, 28600, false, [], false, 0, [], null, 0, 1601926426.665171, 0, {}]
[{"0": [58, 45, 58, 44, 48, 53, 49, 49, 41, 43, 72, 49, 48, 55, 44, 36, 54, 39, 46, 57, 53, 31, 49, 53, 44, 38, 42, 55, 37, 47]}, null, null, 28800, false, [], false, 0, [], null, 0, 1601926486.5304828, 0, {}]
[{"0": [38, 43, 32, 57, 54, 36, 50, 70, 37, 37, 54, 51, 34, 45, 46, 35, 46, 31, 48, 37, 46, 35, 57, 34, 46, 48, 49, 50, 38, 47]}, null, null, 29000, false, [], false, 0, [], null, 0, 1601926575.2688935, 0, {}]
[{"0": [45, 52, 646, 51, 49, 75, 41, 42, 41, 44, 92, 48, 130, 67, 51, 46, 50, 53, 50, 56, 55, 36, 57, 34, 40, 39, 48, 59, 52, 43]}, null, null, 29200, false, [], false, 0, [], null, 0, 1601926624.4706397, 0, {}]
[{"0": [43, 47, 681, 38, 54, 43, 43, 47, 47, 705, 126, 34, 37, 44, 42, 49, 52, 35, 42, 49, 126, 45, 50, 64, 41, 45, 55, 42, 45, 59]}, null, null, 29400, false, [], false, 0, [], null, 0, 1601926671.803416, 0, {}]
[{"0": [38, 49, 35, 45, 46, 29, 53, 80, 48, 43, 49, 39, 48, 53, 44, 161, 47, 33, 42, 45, 44, 125, 40, 44, 52, 47, 45, 39, 43, 49]}, null, null, 29600, false, [], false, 0, [], null, 0, 1601926758.7627707, 0, {}]
[{"0": [46, 47, 45, 48, 61, 34, 42, 39, 48, 68, 40, 65, 45, 55, 51, 52, 54, 69, 52, 44, 43, 38, 47, 43, 39, 52, 46, 52, 62, 128]}, null, null, 29800, false, [], false, 0, [], null, 0, 1601926821.7123725, 0, {}]
[{"0": [41, 44, 39, 43, 40, 52, 41, 145, 45, 53, 703, 57, 75, 46, 65, 43, 49, 48, 36, 58, 45, 53, 46, 42, 41, 45, 46, 39, 56, 48]}, null, null, 30000, false, [], false, 0, [], null, 0, 1601926875.2113414, 0, {}]
[{"0": [42, 46, 32, 164, 57, 28, 667, 45, 49, 55, 63, 46, 42, 48, 52, 65, 59, 44, 56, 36, 47, 52, 59, 46, 47, 47, 55, 40, 55, 57]}, null, null, 30200, false, [], false, 0, [], null, 0, 1601926954.6298702, 0, {}]
[{"0": [55, 38, 48, 56, 32, 46, 32, 44, 47, 46, 67, 55, 48, 38, 40, 42, 37, 40, 50, 39, 40, 34, 49, 57, 62, 64, 54, 49, 37, 44]}, null, null, 30400, false, [], false, 0, [], null, 0, 1601927008.8390906, 0, {}]
[{"0": [38, 36, 61, 53, 56, 47, 42, 37, 43, 47, 56, 52, 43, 50, 38, 40, 37, 50, 43, 30, 55, 51, 59, 44, 50, 46, 65, 53, 782, 64]}, null, null, 30600, false, [], false, 0, [], null, 0, 1601927098.7510056, 0, {}]
[{"0": [43, 53, 63, 57, 48, 47, 41, 47, 41, 55, 49, 42, 55, 56, 40, 55, 44, 53, 47, 47, 44, 43, 40, 30, 54, 58, 50, 48, 41, 42]}, null, null, 30800, false, [], false, 0, [], null, 0, 1601927201.7675242, 0, {}]
[{"0": [39, 54, 51, 58, 42, 47, 48, 53, 47, 49, 43, 48, 46, 48, 39, 51, 38, 54, 43, 47, 29, 62, 41, 53, 40, 37, 58, 32, 41, 56]}, null, null, 31000, false, [], false, 0, [], null, 0, 1601927269.7068362, 0, {}]
[{"0": [49, 39, 51, 38, 40, 47, 40, 49, 52, 50, 47, 49, 43, 45, 38, 46, 49, 51, 32, 79, 56, 163, 60, 50, 45, 51, 51, 49, 51, 41]}, null, null, 31200, false, [], false, 0, [], null, 0, 1601927320.6326287, 0, {}]
[{"0": [51, 48, 42, 47, 38, 58, 38, 54, 45, 37, 47, 48, 32, 58, 49, 36, 48, 29, 64, 46, 45, 57, 48, 47, 39, 42, 50, 44, 39, 32]}, null, null, 31400, false, [], false, 0, [], null, 0, 1601927400.7844467, 0, {}]
[{"0": [51, 46, 43, 45, 44, 43, 49, 42, 74, 49, 46, 768, 46, 41, 46, 37, 41, 51, 34, 41, 36, 48, 42, 41, 50, 45, 40, 42, 56, 39]}, null, null, 31600, false, [], false, 0, [], null, 0, 1601927450.776615, 0, {}]
[{"0": [40, 51, 50, 47, 42, 58, 45, 62, 40, 46, 60, 53, 53, 47, 38, 42, 44, 36, 41, 38, 41, 36, 54, 37, 45, 40, 46, 48, 48, 53]}, null, null, 31800, false, [], false, 0, [], null, 0, 1601927522.4152946, 0, {}]
[{"0": [51, 52, 276, 53, 50, 226, 39, 45, 644, 39, 41, 35, 41, 44, 49, 40, 49, 48, 36, 51, 42, 62, 47, 53, 47, 47, 45, 43, 47, 44]}, null, null, 32000, true, [], false, 0, [], null, 0, 1601927589.4393132, 0, {}]
