[{"0": [49, 44, 58, 67, 59, 56, 56, 56, 38, 47, 45, 48, 51, 55, 48, 53, 52, 52, 52, 57, 60, 42, 49, 53, 50, 47, 63, 49, 57, 42]}, null, null, 28400, false, [], false, 0, [], null, 0, 1601929497.9773707, 0, {}]
[{"0": [56, 53, 50, 56, 55, 54, 51, 56, 54, 58, 44, 36, 60, 42, 47, 47, 55, 55, 62, 40, 42, 54, 64, 51, 46, 59, 45, 46, 61, 52]}, null, null, 28600, false, [], false, 0, [], null, 0, 1601929587.6791599, 0, {}]
[{"0": [43, 49, 52, 39, 50, 43, 56, 46, 38, 60, 45, 55, 57, 46, 63, 48, 56, 54, 49, 35, 52, 55, 52, 42, 48, 48, 50, 42, 44, 64]}, null, null, 28800, false, [], false, 0, [], null, 0, 1601929633.500382, 0, {}]
[{"0": [60, 46, 65, 53, 42, 42, 124, 54, 85, 36, 68, 34, 54, 48, 39, 55, 50, 42, 60, 69, 48, 42, 50, 48, 49, 61, 51, 41, 61, 42]}, null, null, 29000, false, [], false, 0, [], null, 0, 1601929684.4854367, 0, {}]
[{"0": [58, 49, 47, 62, 55, 50, 58, 67, 59, 59, 38, 43, 58, 51, 49, 60, 72, 53, 39, 37, 44, 44, 44, 53, 49, 55, 63, 49, 53, 66]}, null, null, 29200, false, [], false, 0, [], null, 0, 1601929772.8644726, 0, {}]
[{"0": [57, 61, 51, 75, 47, 56, 63, 69, 51, 53, 63, 57, 44, 68, 61, 68, 39, 38, 50, 60, 50, 31, 51, 57, 48, 58, 52, 51, 70, 44]}, null, null, 29400, false, [], false, 0, [], null, 0, 1601929831.5906377, 0, {}]
[{"0": [62, 67, 53, 41, 57, 55, 59, 47, 48, 36, 43, 82, 62, 47, 42, 49, 53, 47, 36, 49, 46, 56, 55, 64, 47, 55, 53, 52, 57, 69]}, null, null, 29600, false, [], false, 0, [], null, 0, 1601929873.3962004, 0, {}]
[{"0": [42, 51, 50, 55, 62, 50, 57, 56, 45, 42, 51, 61, 63, 44, 51, 50, 51, 61, 73, 60, 63, 93, 61, 45, 43, 505, 91, 51, 56, 49]}, null, null, 29800, false, [], false, 0, [], null, 0, 1601929950.8328671, 0, {}]
[{"0": [52, 565, 45, 53, 57, 56, 43, 35, 66, 58, 48, 57, 53, 57, 55, 56, 48, 54, 58, 55, 58, 47, 69, 59, 55, 63, 56, 41, 59, 57]}, null, null, 30000, false, [], false, 0, [], null, 0, 1601930026.4303653, 0, {}]
[{"0": [38, 58, 42, 62, 40, 52, 44, 58, 49, 61, 47, 53, 55, 45, 55, 44, 46, 34, 38, 54, 56, 150, 66, 52, 59, 44, 60, 48, 47, 46]}, null, null, 30200, false, [], false, 0, [], null, 0, 1601930069.7628446, 0, {}]
[{"0": [47, 154, 44, 63, 39, 63, 52, 49, 52, 50, 56, 51, 56, 46, 59, 41, 60, 52, 54, 49, 57, 55, 43, 57, 45, 54, 50, 70, 55, 68]}, null, null, 30400, false, [], false, 0, [], null, 0, 1601930140.7922528, 0, {}]
[{"0": [49, 47, 45, 38, 63, 59, 53, 57, 58, 51, 52, 54, 55, 46, 57, 47, 55, 49, 81, 43, 52, 57, 55, 53, 42, 44, 57, 52, 53, 49]}, null, null, 30600, false, [], false, 0, [], null, 0, 1601930244.3221385, 0, {}]
[{"0": [65, 60, 44, 40, 51, 57, 48, 44, 48, 48, 86, 56, 59, 52, 50, 58, 57, 57, 57, 63, 41, 47, 48, 47, 52, 46, 48, 55, 57, 47]}, null, null, 30800, false, [], false, 0, [], null, 0, 1601930344.2645726, 0, {}]
[{"0": [43, 52, 52, 42, 49, 50, 62, 59, 51, 55, 62, 44, 57, 44, 61, 69, 44, 36, 54, 63, 55, 54, 57, 52, 51, 50, 40, 54, 80, 61]}, null, null, 31000, false, [], false, 0, [], null, 0, 1601930403.0461638, 0, {}]
[{"0": [56, 49, 54, 51, 57, 59, 67, 52, 50, 42, 53, 52, 57, 42, 56, 48, 43, 44, 47, 55, 48, 53, 50, 60, 48, 70, 48, 57, 61, 40]}, null, null, 31200, false, [], false, 0, [], null, 0, 1601930444.9240668, 0, {}]
[{"0": [52, 52, 54, 52, 56, 48, 70, 59, 70, 63, 39, 56, 44, 55, 54, 53, 42, 47, 42, 53, 45, 52, 56, 56, 48, 49, 57, 69, 53, 54]}, null, null, 31400, false, [], false, 0, [], null, 0, 1601930522.4651098, 0, {}]
[{"0": [45, 54, 64, 54, 60, 51, 48, 51, 37, 49, 56, 51, 53, 58, 45, 49, 57, 56, 49, 56, 60, 59, 54, 47, 47, 53, 60, 63, 49, 48]}, null, null, 31600, false, [], false, 0, [], null, 0, 1601930597.924815, 0, {}]
[{"0": [40, 53, 55, 94, 59, 40, 54, 40, 54, 47, 59, 49, 46, 43, 52, 53, 48, 52, 40, 53, 66, 46, 62, 40, 54, 49, 56, 64, 51, 60]}, null, null, 31800, false, [], false, 0, [], null, 0, 1601930638.4618347, 0, {}]
[{"0": [62, 59, 51, 47, 46, 53, 81, 55, 54, 46, 40, 68, 52, 54, 58, 56, 58, 49, 34, 96, 42, 63, 46, 38, 51, 50, 47, 45, 48, 37]}, null, null, 32000, true, [], false, 0, [], null, 0, 1601930700.3228, 0, {}]
