[{"0": [44, 48, 45, 56, 64, 58, 55, 64, 42, 52, 70, 59, 56, 64, 57, 48, 62, 46, 45, 67, 50, 54, 55, 47, 48, 54, 47, 48, 51, 51]}, null, null, 28400, false, [], false, 0, [], null, 0, 1601932446.0683963, 0, {}]
[{"0": [45, 60, 45, 43, 47, 54, 49, 50, 52, 46, 62, 55, 51, 43, 36, 51, 62, 65, 57, 54, 62, 45, 36, 47, 48, 56, 46, 63, 51, 50]}, null, null, 28600, false, [], false, 0, [], null, 0, 1601932514.2045856, 0, {}]
[{"0": [57, 44, 38, 56, 124, 63, 51, 45, 54, 57, 47, 55, 51, 51, 65, 52, 50, 45, 59, 54, 62, 52, 39, 58, 47, 65, 61, 57, 55, 46]}, null, null, 28800, false, [], false, 0, [], null, 0, 1601932557.9436479, 0, {}]
[{"0": [48, 52, 54, 42, 59, 54, 53, 50, 70, 45, 52, 48, 49, 51, 67, 34, 62, 47, 51, 51, 54, 56, 47, 58, 41, 40, 48, 56, 56, 61]}, null, null, 29000, false, [], false, 0, [], null, 0, 1601932636.4360087, 0, {}]
[{"0": [44, 55, 52, 66, 62, 53, 56, 39, 46, 53, 46, 47, 53, 55, 51, 39, 49, 49, 45, 40, 62, 43, 57, 62, 48, 45, 46, 59, 52, 49]}, null, null, 29200, false, [], false, 0, [], null, 0, 1601932706.481062, 0, {}]
[{"0": [46, 41, 55, 49, 47, 47, 58, 41, 61, 42, 55, 85, 685, 51, 61, 59, 62, 70, 38, 70, 56, 55, 78, 69, 66, 47, 64, 55, 51, 52]}, null, null, 29400, false, [], false, 0, [], null, 0, 1601932749.520695, 0, {}]
[{"0": [228, 44, 49, 48, 56, 56, 53, 53, 61, 52, 53, 50, 62, 50, 46, 47, 64, 50, 48, 55, 61, 48, 48, 43, 51, 66, 49, 77, 56, 43]}, null, null, 29600, false, [], false, 0, [], null, 0, 1601932824.7706437, 0, {}]
[{"0": [45, 45, 50, 49, 44, 58, 56, 65, 54, 48, 40, 56, 47, 77, 60, 48, 74, 51, 51, 66, 48, 40, 75, 70, 61, 55, 53, 54, 48, 58]}, null, null, 29800, false, [], false, 0, [], null, 0, 1601932897.5719068, 0, {}]
[{"0": [50, 38, 42, 68, 75, 61, 60, 41, 64, 55, 52, 43, 46, 48, 45, 51, 44, 48, 52, 49, 48, 45, 48, 58, 43, 50, 58, 46, 42, 54]}, null, null, 30000, false, [], false, 0, [], null, 0, 1601932940.1726859, 0, {}]
[{"0": [61, 53, 59, 56, 635, 44, 55, 43, 56, 59, 52, 57, 36, 31, 51, 59, 39, 38, 51, 58, 49, 52, 48, 55, 43, 37, 43, 48, 62, 64]}, null, null, 30200, false, [], false, 0, [], null, 0, 1601933012.5181742, 0, {}]
[{"0": [47, 73, 58, 53, 67, 79, 56, 42, 49, 61, 53, 53, 39, 67, 43, 52, 56, 49, 53, 45, 46, 66, 42, 84, 50, 48, 683, 70, 35, 40]}, null, null, 30400, false, [], false, 0, [], null, 0, 1601933115.6436217, 0, {}]
[{"0": [50, 59, 55, 46, 54, 53, 45, 44, 38, 62, 47, 32, 46, 42, 43, 53, 44, 44, 56, 46, 42, 45, 48, 36, 48, 60, 50, 67, 36, 50]}, null, null, 30600, false, [], false, 0, [], null, 0, 1601933211.2801514, 0, {}]
[{"0": [42, 45, 43, 36, 45, 47, 55, 55, 50, 43, 52, 40, 42, 60, 47, 42, 50, 48, 64, 50, 50, 40, 52, 56, 35, 57, 45, 33, 52, 48]}, null, null, 30800, false, [], false, 0, [], null, 0, 1601933262.6737592, 0, {}]
[{"0": [58, 47, 42, 54, 47, 49, 43, 49, 45, 54, 51, 48, 42, 43, 43, 62, 52, 44, 70, 53, 42, 30, 42, 47, 66, 54, 48, 45, 41, 51]}, null, null, 31000, false, [], false, 0, [], null, 0, 1601933315.1141648, 0, {}]
[{"0": [42, 43, 48, 54, 63, 46, 47, 44, 43, 56, 43, 74, 43, 49, 43, 58, 55, 49, 43, 58, 39, 53, 50, 41, 49, 49, 52, 57, 56, 54]}, null, null, 31200, false, [], false, 0, [], null, 0, 1601933402.2895913, 0, {}]
[{"0": [33, 78, 48, 61, 45, 52, 56, 41, 42, 39, 34, 37, 45, 44, 50, 39, 53, 55, 37, 56, 56, 60, 50, 52, 50, 36, 47, 59, 43, 41]}, null, null, 31400, false, [], false, 0, [], null, 0, 1601933455.5495744, 0, {}]
[{"0": [49, 57, 58, 45, 48, 47, 59, 45, 37, 44, 48, 42, 48, 56, 47, 47, 51, 32, 50, 44, 47, 49, 47, 47, 50, 56, 49, 39, 40, 49]}, null, null, 31600, false, [], false, 0, [], null, 0, 1601933505.9495265, 0, {}]
[{"0": [54, 53, 50, 43, 62, 50, 38, 42, 45, 40, 50, 40, 43, 47, 35, 50, 45, 59, 54, 47, 54, 54, 46, 40, 36, 35, 59, 45, 48, 47]}, null, null, 31800, false, [], false, 0, [], null, 0, 1601933592.493436, 0, {}]
[{"0": [59, 51, 46, 39, 46, 47, 43, 62, 44, 44, 49, 52, 44, 53, 52, 42, 49, 53, 47, 48, 51, 44, 38, 47, 37, 44, 54, 51, 27, 55]}, null, null, 32000, true, [], false, 0, [], null, 0, 1601933647.4307976, 0, {}]
