[{"0": [47, 61, 53, 46, 44, 69, 52, 53, 45, 71, 45, 57, 36, 60, 50, 61, 59, 63, 53, 52, 52, 42, 47, 51, 59, 67, 46, 48, 42, 54]}, null, null, 28400, false, [], false, 0, [], null, 0, 1601931109.484269, 0, {}]
[{"0": [51, 48, 53, 61, 41, 60, 59, 62, 53, 41, 52, 41, 57, 71, 51, 46, 46, 50, 50, 56, 55, 47, 56, 48, 51, 53, 42, 56, 48, 57]}, null, null, 28600, false, [], false, 0, [], null, 0, 1601931153.8876789, 0, {}]
[{"0": [48, 31, 56, 59, 52, 54, 51, 46, 45, 57, 54, 55, 78, 51, 55, 41, 53, 52, 45, 51, 46, 37, 51, 42, 42, 44, 48, 50, 56, 46]}, null, null, 28800, false, [], false, 0, [], null, 0, 1601931237.3577971, 0, {}]
[{"0": [55, 55, 62, 43, 47, 37, 45, 45, 49, 57, 53, 55, 41, 45, 44, 47, 42, 45, 56, 47, 57, 46, 48, 39, 39, 68, 43, 588, 45, 41]}, null, null, 29000, false, [], false, 0, [], null, 0, 1601931306.394021, 0, {}]
[{"0": [46, 60, 63, 49, 52, 45, 60, 59, 605, 39, 44, 42, 44, 56, 51, 53, 39, 43, 51, 43, 55, 56, 47, 366, 57, 43, 78, 45, 50, 51]}, null, null, 29200, false, [], false, 0, [], null, 0, 1601931346.3344965, 0, {}]
[{"0": [41, 35, 38, 49, 59, 53, 36, 45, 52, 54, 50, 60, 54, 41, 53, 40, 130, 74, 41, 48, 55, 57, 46, 138, 66, 48, 52, 46, 42, 47]}, null, null, 29400, false, [], false, 0, [], null, 0, 1601931413.4391344, 0, {}]
[{"0": [74, 54, 63, 47, 47, 65, 53, 42, 49, 50, 57, 60, 60, 69, 601, 42, 148, 60, 57, 58, 39, 68, 45, 61, 62, 51, 44, 45, 38, 50]}, null, null, 29600, false, [], false, 0, [], null, 0, 1601931498.2898405, 0, {}]
[{"0": [53, 47, 48, 58, 47, 55, 55, 39, 39, 39, 60, 44, 45, 44, 49, 57, 61, 48, 47, 40, 52, 51, 38, 52, 38, 55, 55, 42, 56, 45]}, null, null, 29800, false, [], false, 0, [], null, 0, 1601931546.5135283, 0, {}]
[{"0": [51, 35, 52, 40, 60, 49, 44, 47, 41, 57, 57, 57, 46, 58, 50, 47, 38, 47, 51, 46, 53, 50, 62, 49, 39, 58, 47, 46, 62, 46]}, null, null, 30000, false, [], false, 0, [], null, 0, 1601931621.938258, 0, {}]
[{"0": [50, 49, 66, 48, 59, 43, 68, 59, 48, 109, 44, 42, 70, 63, 49, 88, 48, 55, 65, 33, 50, 57, 53, 44, 42, 59, 47, 52, 54, 56]}, null, null, 30200, false, [], false, 0, [], null, 0, 1601931725.3208942, 0, {}]
[{"0": [62, 51, 55, 48, 44, 152, 62, 44, 53, 48, 74, 62, 41, 53, 53, 40, 39, 61, 51, 41, 53, 48, 49, 51, 45, 55, 43, 56, 47, 60]}, null, null, 30400, false, [], false, 0, [], null, 0, 1601931814.7522247, 0, {}]
[{"0": [47, 53, 59, 57, 54, 56, 59, 44, 64, 53, 47, 57, 44, 46, 48, 48, 47, 51, 58, 62, 46, 64, 52, 65, 60, 52, 66, 51, 71, 67]}, null, null, 30600, false, [], false, 0, [], null, 0, 1601931863.561384, 0, {}]
[{"0": [60, 46, 71, 72, 57, 43, 68, 74, 53, 58, 47, 43, 48, 47, 40, 50, 48, 54, 62, 50, 58, 37, 50, 55, 80, 75, 69, 46, 57, 47]}, null, null, 30800, false, [], false, 0, [], null, 0, 1601931935.4465528, 0, {}]
[{"0": [70, 45, 67, 53, 52, 47, 64, 65, 52, 58, 48, 51, 53, 45, 49, 80, 46, 46, 60, 45, 60, 46, 52, 44, 56, 48, 58, 55, 45, 64]}, null, null, 31000, false, [], false, 0, [], null, 0, 1601932000.1705956, 0, {}]
[{"0": [59, 61, 61, 54, 48, 49, 48, 57, 49, 49, 31, 54, 68, 46, 65, 56, 64, 51, 62, 68, 50, 52, 90, 72, 61, 64, 47, 46, 53, 56]}, null, null, 31200, false, [], false, 0, [], null, 0, 1601932045.5802557, 0, {}]
[{"0": [54, 53, 56, 67, 65, 51, 48, 49, 46, 63, 49, 49, 51, 63, 48, 73, 52, 46, 72, 48, 66, 55, 60, 57, 57, 50, 60, 54, 64, 54]}, null, null, 31400, false, [], false, 0, [], null, 0, 1601932124.6056447, 0, {}]
[{"0": [53, 56, 50, 48, 61, 46, 68, 61, 67, 62, 44, 45, 54, 62, 58, 56, 54, 96, 52, 52, 53, 53, 34, 54, 59, 56, 47, 63, 58, 56]}, null, null, 31600, false, [], false, 0, [], null, 0, 1601932179.4312453, 0, {}]
[{"0": [55, 59, 43, 60, 63, 54, 56, 54, 43, 42, 53, 34, 43, 54, 44, 49, 64, 60, 52, 61, 56, 58, 149, 57, 64, 49, 50, 47, 45, 55]}, null, null, 31800, false, [], false, 0, [], null, 0, 1601932230.6493318, 0, {}]
[{"0": [48, 60, 50, 56, 51, 52, 55, 56, 39, 51, 67, 39, 59, 40, 65, 55, 51, 41, 57, 43, 44, 50, 55, 49, 54, 60, 44, 50, 52, 57]}, null, null, 32000, true, [], false, 0, [], null, 0, 1601932323.2621682, 0, {}]
