[{"0": [6578, 320, 299, 339, 331, 330, 350, 331, 287, 295, 310, 301, 281, 321, 311, 299, 352, 341, 337, 297, 343, 335, 340, 350, 890, 321, 331, 335, 337, 313]}, null, null, 27600, false, [], false, 0, [], null, 0, 1602098207.5345814, 0, {}]
[{"0": [298, 325, 307, 308, 306, 331, 357, 306, 337, 360, 325, 308, 342, 328, 312, 348, 315, 294, 341, 310, 296, 297, 344, 327, 335, 300, 296, 339, 327, 320]}, null, null, 27800, false, [], false, 0, [], null, 0, 1602098321.2695065, 0, {}]
[{"0": [318, 303, 331, 311, 339, 314, 336, 330, 331, 306, 308, 334, 301, 341, 325, 314, 335, 307, 300, 282, 272, 276, 297, 304, 357, 315, 320, 325, 355, 318]}, null, null, 28000, false, [], false, 0, [], null, 0, 1602098466.2128558, 0, {}]
[{"0": [327, 315, 327, 327, 306, 304, 299, 325, 363, 319, 308, 346, 267, 304, 325, 351, 329, 340, 326, 321, 331, 315, 311, 317, 296, 329, 305, 328, 305, 357]}, null, null, 28200, false, [], false, 0, [], null, 0, 1602098541.3322074, 0, {}]
[{"0": [338, 325, 371, 330, 318, 333, 334, 340, 317, 338, 326, 311, 302, 330, 288, 333, 342, 312, 320, 369, 329, 323, 313, 318, 351, 315, 300, 315, 324, 311]}, null, null, 28400, false, [], false, 0, [], null, 0, 1602098641.0740783, 0, {}]
[{"0": [328, 311, 327, 345, 321, 352, 323, 346, 300, 344, 361, 350, 316, 358, 302, 338, 341, 316, 307, 247, 305, 348, 305, 331, 317, 348, 318, 321, 325, 339]}, null, null, 28600, false, [], false, 0, [], null, 0, 1602098717.7351882, 0, {}]
[{"0": [332, 307, 338, 306, 342, 322, 322, 337, 297, 348, 341, 315, 354, 320, 345, 322, 371, 299, 333, 346, 313, 348, 311, 330, 329, 318, 330, 324, 336, 353]}, null, null, 28800, false, [], false, 0, [], null, 0, 1602098814.9624674, 0, {}]
[{"0": [314, 324, 402, 326, 329, 341, 351, 325, 311, 315, 337, 355, 321, 348, 338, 335, 297, 321, 320, 328, 342, 319, 314, 326, 330, 341, 360, 362, 342, 316]}, null, null, 29000, false, [], false, 0, [], null, 0, 1602098903.0299387, 0, {}]
[{"0": [316, 324, 360, 336, 295, 317, 337, 328, 367, 368, 327, 320, 324, 350, 347, 330, 334, 327, 323, 350, 354, 339, 354, 337, 336, 283, 333, 350, 351, 320]}, null, null, 29200, false, [], false, 0, [], null, 0, 1602099050.1348355, 0, {}]
[{"0": [899, 344, 293, 314, 308, 333, 338, 296, 329, 327, 329, 348, 315, 302, 355, 302, 319, 305, 346, 331, 338, 302, 323, 305, 334, 328, 312, 298, 346, 348]}, null, null, 29400, false, [], false, 0, [], null, 0, 1602099139.0801313, 0, {}]
[{"0": [277, 353, 323, 297, 334, 348, 314, 369, 347, 333, 356, 296, 337, 330, 317, 299, 332, 315, 340, 317, 315, 316, 347, 322, 342, 313, 322, 375, 329, 343]}, null, null, 29600, false, [], false, 0, [], null, 0, 1602099215.468228, 0, {}]
[{"0": [330, 318, 327, 355, 331, 303, 356, 337, 336, 322, 353, 342, 301, 340, 316, 323, 370, 334, 339, 326, 303, 363, 323, 346, 351, 337, 341, 331, 331, 343]}, null, null, 29800, false, [], false, 0, [], null, 0, 1602099317.9343607, 0, {}]
[{"0": [314, 351, 899, 327, 338, 293, 324, 331, 366, 347, 343, 300, 326, 343, 322, 327, 291, 303, 409, 900, 374, 352, 329, 374, 341, 346, 359, 345, 305, 310]}, null, null, 30000, false, [], false, 0, [], null, 0, 1602099400.2462492, 0, {}]
[{"0": [359, 361, 373, 397, 366, 325, 310, 390, 335, 345, 419, 349, 332, 298, 339, 330, 297, 345, 329, 299, 322, 326, 288, 329, 358, 310, 358, 337, 312, 354]}, null, null, 30200, false, [], false, 0, [], null, 0, 1602099546.5311804, 0, {}]
[{"0": [313, 329, 342, 311, 316, 330, 328, 324, 350, 324, 301, 322, 326, 306, 413, 328, 353, 345, 363, 350, 351, 308, 320, 328, 319, 328, 343, 344, 294, 325]}, null, null, 30400, false, [], false, 0, [], null, 0, 1602099643.007001, 0, {}]
[{"0": [366, 370, 332, 348, 342, 320, 338, 361, 365, 295, 326, 293, 341, 328, 353, 318, 344, 281, 313, 318, 364, 320, 337, 333, 311, 322, 333, 322, 306, 308]}, null, null, 30600, false, [], false, 0, [], null, 0, 1602099714.7499077, 0, {}]
[{"0": [338, 351, 350, 331, 329, 336, 333, 312, 322, 295, 320, 333, 331, 329, 293, 332, 335, 323, 335, 300, 336, 335, 322, 313, 309, 368, 334, 317, 303, 316]}, null, null, 30800, false, [], false, 0, [], null, 0, 1602099821.0070777, 0, {}]
[{"0": [358, 318, 392, 335, 319, 303, 304, 324, 323, 362, 335, 359, 361, 344, 327, 320, 311, 325, 361, 362, 336, 332, 308, 293, 340, 327, 318, 323, 303, 328]}, null, null, 31000, false, [], false, 0, [], null, 0, 1602099899.1723716, 0, {}]
[{"0": [345, 318, 329, 317, 341, 315, 363, 281, 313, 308, 322, 1086, 334, 334, 346, 352, 314, 359, 352, 317, 340, 323, 337, 321, 324, 349, 308, 345, 308, 300]}, null, null, 31200, false, [], false, 0, [], null, 0, 1602100019.3547585, 0, {}]
[{"0": [338, 310, 316, 309, 326, 354, 315, 322, 325, 333, 326, 308, 297, 373, 324, 344, 289, 318, 331, 345, 336, 320, 363, 315, 312, 331, 317, 305, 333, 318]}, null, null, 31400, false, [], false, 0, [], null, 0, 1602100152.7914166, 0, {}]
[{"0": [311, 338, 283, 304, 385, 287, 324, 332, 333, 365, 337, 318, 330, 328, 324, 329, 348, 333, 356, 305, 337, 304, 332, 298, 346, 336, 330, 335, 335, 351]}, null, null, 31600, false, [], false, 0, [], null, 0, 1602100230.3928187, 0, {}]
[{"0": [312, 318, 302, 309, 315, 339, 330, 351, 331, 302, 328, 313, 309, 279, 321, 310, 322, 332, 357, 347, 297, 313, 359, 340, 344, 311, 324, 322, 353, 339]}, null, null, 31800, false, [], false, 0, [], null, 0, 1602100317.22224, 0, {}]
[{"0": [307, 331, 331, 346, 334, 335, 301, 356, 323, 307, 347, 341, 302, 320, 315, 325, 345, 317, 319, 318, 325, 293, 324, 357, 337, 319, 357, 335, 309, 311]}, null, null, 32000, false, [], false, 0, [], null, 0, 1602100407.1989357, 0, {}]
[{"0": [362, 325, 328, 322, 312, 341, 320, 329, 336, 327, 313, 325, 307, 315, 313, 342, 1355, 322, 328, 318, 305, 335, 346, 323, 330, 314, 334, 318, 319, 329]}, null, null, 32200, false, [], false, 0, [], null, 0, 1602100494.4737132, 0, {}]
[{"0": [318, 340, 306, 338, 320, 336, 318, 298, 380, 302, 341, 337, 305, 291, 308, 349, 320, 323, 333, 330, 315, 300, 379, 510, 352, 320, 291, 331, 344, 307]}, null, null, 32400, false, [], false, 0, [], null, 0, 1602100616.937457, 0, {}]
[{"0": [290, 335, 309, 334, 327, 325, 353, 321, 324, 356, 326, 343, 332, 316, 304, 329, 341, 317, 312, 341, 297, 322, 356, 339, 362, 310, 330, 333, 307, 327]}, null, null, 32600, false, [], false, 0, [], null, 0, 1602100742.364164, 0, {}]
[{"0": [367, 330, 328, 303, 312, 293, 359, 298, 328, 314, 325, 326, 314, 361, 337, 352, 341, 333, 330, 339, 329, 383, 298, 330, 311, 350, 341, 291, 314, 317]}, null, null, 32800, false, [], false, 0, [], null, 0, 1602100809.788816, 0, {}]
[{"0": [324, 324, 318, 376, 766, 318, 355, 328, 350, 325, 355, 328, 359, 354, 318, 319, 322, 298, 331, 332, 343, 350, 295, 2841, 3806, 294, 319, 317, 410, 309]}, null, null, 33000, false, [], false, 0, [], null, 0, 1602100914.965056, 0, {}]
[{"0": [348, 300, 333, 324, 303, 303, 296, 327, 337, 1208, 339, 331, 522, 325, 319, 315, 428, 1067, 335, 317, 310, 350, 326, 299, 340, 312, 329, 335, 282, 346]}, null, null, 33200, false, [], false, 0, [], null, 0, 1602100995.2737303, 0, {}]
[{"0": [790, 341, 332, 320, 329, 331, 445, 350, 307, 335, 337, 341, 341, 352, 343, 344, 334, 469, 314, 351, 367, 431, 315, 341, 1005, 847, 344, 330, 455, 308]}, null, null, 33400, false, [], false, 0, [], null, 0, 1602101079.2149184, 0, {}]
[{"0": [356, 342, 304, 336, 352, 370, 393, 934, 396, 289, 314, 320, 395, 813, 956, 328, 344, 365, 358, 365, 326, 326, 343, 325, 597, 386, 422, 377, 590, 332]}, null, null, 33600, false, [], false, 0, [], null, 0, 1602101198.0205185, 0, {}]
[{"0": [360, 350, 352, 322, 335, 329, 395, 304, 326, 326, 330, 335, 365, 390, 500, 574, 371, 360, 329, 320, 1435, 717, 315, 329, 396, 316, 327, 358, 351, 358]}, null, null, 33800, false, [], false, 0, [], null, 0, 1602101334.348715, 0, {}]
[{"0": [299, 366, 698, 580, 346, 336, 366, 303, 448, 2225, 513, 343, 335, 324, 321, 360, 326, 351, 301, 352, 342, 670, 339, 355, 526, 337, 343, 897, 364, 295]}, null, null, 34000, false, [], false, 0, [], null, 0, 1602101399.2796836, 0, {}]
[{"0": [311, 318, 370, 313, 332, 489, 343, 314, 361, 567, 571, 354, 350, 345, 341, 354, 707, 450, 334, 303, 363, 281, 351, 359, 360, 313, 310, 388, 592, 315]}, null, null, 34200, false, [], false, 0, [], null, 0, 1602101504.303199, 0, {}]
[{"0": [334, 332, 363, 294, 591, 393, 319, 307, 335, 344, 323, 316, 314, 336, 332, 329, 320, 1202, 370, 331, 331, 342, 337, 618, 342, 328, 345, 330, 324, 337]}, null, null, 34400, false, [], false, 0, [], null, 0, 1602101577.3304665, 0, {}]
[{"0": [336, 311, 318, 319, 329, 371, 318, 302, 359, 396, 371, 356, 369, 289, 343, 323, 352, 314, 347, 332, 311, 336, 337, 303, 398, 411, 398, 312, 367, 297]}, null, null, 34600, false, [], false, 0, [], null, 0, 1602101675.4191477, 0, {}]
[{"0": [438, 414, 434, 295, 310, 348, 282, 318, 358, 323, 327, 337, 332, 446, 1283, 338, 363, 350, 317, 357, 484, 311, 337, 340, 325, 321, 304, 362, 363, 337]}, null, null, 34800, false, [], false, 0, [], null, 0, 1602101823.8257973, 0, {}]
[{"0": [329, 381, 357, 378, 379, 338, 460, 322, 330, 364, 370, 304, 348, 320, 343, 356, 337, 350, 309, 431, 498, 365, 351, 349, 333, 350, 427, 301, 378, 337]}, null, null, 35000, false, [], false, 0, [], null, 0, 1602101910.2859683, 0, {}]
[{"0": [330, 351, 364, 306, 312, 296, 330, 331, 745, 338, 329, 533, 363, 354, 368, 353, 393, 347, 323, 333, 339, 339, 315, 375, 333, 337, 321, 391, 307, 374]}, null, null, 35200, false, [], false, 0, [], null, 0, 1602101988.7478108, 0, {}]
[{"0": [357, 355, 364, 374, 354, 343, 351, 321, 317, 353, 336, 356, 320, 352, 336, 1063, 354, 340, 314, 358, 330, 447, 349, 312, 382, 499, 304, 322, 314, 343]}, null, null, 35400, false, [], false, 0, [], null, 0, 1602102101.3590627, 0, {}]
[{"0": [302, 326, 305, 311, 327, 330, 332, 330, 1110, 334, 339, 379, 335, 316, 335, 336, 329, 396, 325, 331, 346, 309, 316, 340, 400, 1417, 321, 398, 381, 366]}, null, null, 35600, false, [], false, 0, [], null, 0, 1602102161.3665226, 0, {}]
[{"0": [370, 343, 313, 334, 323, 339, 314, 346, 340, 352, 338, 326, 340, 1385, 331, 369, 328, 345, 384, 346, 362, 712, 319, 328, 340, 343, 341, 346, 321, 316]}, null, null, 35800, false, [], false, 0, [], null, 0, 1602102285.616382, 0, {}]
[{"0": [321, 411, 337, 351, 364, 337, 315, 320, 300, 368, 347, 320, 307, 344, 322, 330, 310, 304, 297, 304, 424, 359, 477, 383, 332, 316, 333, 333, 336, 323]}, null, null, 36000, false, [], false, 0, [], null, 0, 1602102423.6687922, 0, {}]
[{"0": [322, 359, 339, 311, 328, 310, 309, 326, 369, 466, 343, 433, 353, 328, 383, 357, 328, 348, 437, 302, 324, 371, 285, 292, 323, 315, 341, 328, 355, 363]}, null, null, 36200, false, [], false, 0, [], null, 0, 1602102489.6207328, 0, {}]
[{"0": [347, 349, 1217, 342, 354, 359, 333, 323, 332, 321, 314, 327, 360, 310, 345, 318, 349, 384, 329, 347, 317, 304, 339, 360, 329, 331, 343, 367, 343, 339]}, null, null, 36400, false, [], false, 0, [], null, 0, 1602102593.1180332, 0, {}]
[{"0": [350, 320, 346, 350, 336, 364, 455, 317, 293, 338, 336, 338, 309, 329, 316, 321, 346, 324, 320, 375, 317, 333, 324, 335, 344, 348, 377, 354, 321, 336]}, null, null, 36600, false, [], false, 0, [], null, 0, 1602102667.9862742, 0, {}]
[{"0": [337, 331, 316, 312, 337, 341, 333, 349, 307, 325, 297, 360, 314, 341, 345, 354, 358, 322, 327, 328, 382, 338, 331, 310, 341, 339, 331, 325, 349, 336]}, null, null, 36800, false, [], false, 0, [], null, 0, 1602102763.0251708, 0, {}]
[{"0": [313, 332, 332, 835, 363, 338, 329, 313, 327, 339, 310, 300, 349, 374, 326, 320, 308, 352, 304, 323, 322, 482, 327, 347, 341, 323, 324, 320, 331, 338]}, null, null, 37000, false, [], false, 0, [], null, 0, 1602102911.396609, 0, {}]
[{"0": [352, 347, 329, 352, 347, 333, 353, 322, 382, 351, 359, 343, 331, 313, 365, 310, 316, 353, 335, 316, 317, 320, 326, 352, 346, 326, 310, 324, 322, 372]}, null, null, 37200, false, [], false, 0, [], null, 0, 1602103001.4955313, 0, {}]
[{"0": [303, 348, 341, 323, 370, 309, 339, 318, 329, 360, 313, 293, 334, 348, 329, 328, 321, 336, 320, 325, 364, 325, 314, 347, 342, 363, 312, 380, 309, 336]}, null, null, 37400, false, [], false, 0, [], null, 0, 1602103077.1270883, 0, {}]
[{"0": [329, 324, 345, 317, 327, 362, 350, 309, 375, 345, 333, 367, 321, 345, 317, 316, 332, 301, 333, 334, 343, 318, 351, 351, 332, 294, 346, 325, 356, 310]}, null, null, 37600, false, [], false, 0, [], null, 0, 1602103180.2596307, 0, {}]
[{"0": [356, 350, 324, 322, 324, 303, 343, 347, 364, 306, 308, 333, 322, 350, 333, 340, 338, 309, 479, 349, 351, 353, 307, 352, 334, 318, 330, 357, 341, 326]}, null, null, 37800, false, [], false, 0, [], null, 0, 1602103261.899128, 0, {}]
[{"0": [321, 342, 320, 313, 305, 336, 344, 321, 332, 328, 332, 350, 324, 260, 341, 333, 338, 339, 321, 330, 321, 334, 349, 307, 327, 304, 322, 383, 328, 336]}, null, null, 38000, false, [], false, 0, [], null, 0, 1602103407.8050635, 0, {}]
[{"0": [328, 325, 358, 335, 332, 340, 340, 297, 348, 286, 311, 347, 357, 309, 354, 365, 332, 336, 316, 329, 313, 297, 340, 334, 303, 329, 330, 326, 328, 349]}, null, null, 38200, false, [], false, 0, [], null, 0, 1602103505.645459, 0, {}]
[{"0": [332, 318, 379, 353, 323, 305, 363, 339, 327, 329, 319, 340, 340, 328, 356, 343, 372, 368, 351, 328, 337, 616, 335, 354, 283, 339, 333, 352, 314, 335]}, null, null, 38400, false, [], false, 0, [], null, 0, 1602103590.384576, 0, {}]
[{"0": [316, 340, 333, 365, 337, 323, 349, 337, 334, 317, 322, 320, 390, 348, 350, 345, 332, 321, 325, 381, 315, 336, 314, 332, 331, 336, 339, 367, 307, 335]}, null, null, 38600, false, [], false, 0, [], null, 0, 1602103679.336794, 0, {}]
[{"0": [336, 352, 384, 333, 331, 321, 327, 335, 309, 331, 329, 348, 317, 317, 293, 429, 347, 328, 304, 363, 333, 290, 309, 310, 335, 321, 334, 337, 325, 348]}, null, null, 38800, false, [], false, 0, [], null, 0, 1602103766.9319923, 0, {}]
[{"0": [309, 355, 332, 324, 353, 311, 351, 300, 368, 339, 329, 348, 316, 341, 352, 317, 341, 345, 306, 279, 335, 321, 345, 357, 310, 298, 348, 350, 363, 327]}, null, null, 39000, false, [], false, 0, [], null, 0, 1602103856.2476401, 0, {}]
[{"0": [327, 319, 304, 301, 332, 335, 341, 318, 321, 338, 335, 331, 338, 309, 331, 328, 305, 341, 289, 584, 314, 367, 348, 330, 320, 357, 341, 310, 353, 336]}, null, null, 39200, false, [], false, 0, [], null, 0, 1602104001.0820022, 0, {}]
[{"0": [333, 299, 342, 340, 334, 328, 350, 324, 321, 302, 290, 308, 338, 325, 349, 378, 339, 565, 295, 359, 317, 357, 302, 349, 300, 303, 328, 296, 328, 318]}, null, null, 39400, false, [], false, 0, [], null, 0, 1602104098.1442392, 0, {}]
[{"0": [328, 337, 563, 317, 345, 318, 333, 308, 313, 368, 363, 328, 338, 429, 344, 303, 353, 342, 321, 309, 310, 325, 328, 332, 319, 348, 338, 341, 338, 346]}, null, null, 39600, false, [], false, 0, [], null, 0, 1602104169.4611247, 0, {}]
[{"0": [293, 334, 324, 337, 324, 321, 322, 351, 326, 320, 351, 332, 346, 323, 328, 299, 320, 341, 331, 344, 348, 325, 326, 342, 352, 286, 326, 354, 362, 343]}, null, null, 39800, false, [], false, 0, [], null, 0, 1602104276.0255866, 0, {}]
[{"0": [332, 354, 379, 365, 306, 338, 334, 327, 293, 335, 326, 316, 308, 349, 316, 325, 358, 343, 352, 373, 348, 360, 342, 342, 327, 331, 705, 352, 498, 345]}, null, null, 40000, true, [], false, 0, [], null, 0, 1602104342.5681412, 0, {}]
