[{"0": [1226, 65, 50, 50, 55, 51, 55, 58, 51, 34, 48, 54, 48, 51, 47, 59, 46, 51, 58, 51]}, null, null, 28400, false, [], false, 0, [], null, 0, 1601671267.1279578, 0, {}]
[{"0": [56, 62, 52, 38, 56, 44, 49, 49, 60, 58, 47, 47, 54, 57, 47, 62, 50, 44, 54, 48]}, null, null, 28500, false, [], false, 0, [], null, 0, 1601671304.9313834, 0, {}]
[{"0": [61, 44, 52, 47, 55, 58, 48, 38, 62, 63, 49, 42, 56, 65, 38, 57, 52, 36, 57, 50]}, null, null, 28600, false, [], false, 0, [], null, 0, 1601671332.0613146, 0, {}]
[{"0": [58, 56, 56, 51, 51, 47, 58, 61, 54, 50, 50, 53, 48, 50, 51, 38, 53, 58, 64, 50]}, null, null, 28700, false, [], false, 0, [], null, 0, 1601671371.1569486, 0, {}]
[{"0": [48, 46, 73, 53, 46, 48, 57, 60, 47, 68, 47, 52, 47, 37, 61, 48, 50, 40, 52, 47]}, null, null, 28800, false, [], false, 0, [], null, 0, 1601671431.2878435, 0, {}]
[{"0": [51, 44, 50, 52, 44, 48, 55, 55, 63, 68, 45, 45, 53, 43, 64, 62, 52, 43, 47, 62]}, null, null, 28900, false, [], false, 0, [], null, 0, 1601671486.8038225, 0, {}]
[{"0": [40, 57, 61, 63, 59, 60, 49, 47, 45, 57, 56, 51, 46, 45, 61, 47, 52, 48, 47, 59]}, null, null, 29000, false, [], false, 0, [], null, 0, 1601671520.7026114, 0, {}]
[{"0": [47, 44, 49, 49, 62, 54, 46, 52, 50, 47, 41, 49, 54, 59, 49, 59, 52, 78, 43, 50]}, null, null, 29100, false, [], false, 0, [], null, 0, 1601671548.7590299, 0, {}]
[{"0": [59, 48, 61, 66, 59, 41, 56, 53, 55, 54, 57, 51, 38, 62, 42, 51, 46, 52, 43, 54]}, null, null, 29200, false, [], false, 0, [], null, 0, 1601671591.5323927, 0, {}]
[{"0": [49, 62, 48, 52, 49, 59, 56, 47, 62, 54, 49, 51, 51, 42, 59, 67, 52, 54, 47, 47]}, null, null, 29300, false, [], false, 0, [], null, 0, 1601671655.3534975, 0, {}]
[{"0": [38, 41, 64, 40, 51, 50, 51, 51, 45, 51, 59, 50, 56, 49, 52, 49, 40, 53, 57, 51]}, null, null, 29400, false, [], false, 0, [], null, 0, 1601671724.383845, 0, {}]
[{"0": [50, 60, 51, 68, 53, 58, 51, 60, 51, 56, 58, 53, 49, 49, 54, 47, 53, 45, 46, 51]}, null, null, 29500, false, [], false, 0, [], null, 0, 1601671793.4033175, 0, {}]
[{"0": [49, 52, 52, 39, 55, 59, 68, 62, 59, 58, 60, 60, 46, 62, 65, 51, 58, 47, 59, 67]}, null, null, 29600, false, [], false, 0, [], null, 0, 1601671853.2468, 0, {}]
[{"0": [54, 53, 56, 59, 39, 45, 49, 57, 56, 56, 46, 52, 57, 33, 36, 55, 57, 55, 47, 50]}, null, null, 29700, false, [], false, 0, [], null, 0, 1601671890.5282903, 0, {}]
[{"0": [51, 55, 49, 51, 75, 45, 64, 64, 57, 58, 54, 57, 41, 67, 57, 59, 52, 43, 55, 47]}, null, null, 29800, false, [], false, 0, [], null, 0, 1601671934.5262232, 0, {}]
[{"0": [65, 53, 42, 56, 60, 40, 57, 56, 39, 59, 53, 52, 51, 67, 59, 51, 51, 68, 58, 60]}, null, null, 29900, false, [], false, 0, [], null, 0, 1601671976.3757417, 0, {}]
[{"0": [64, 65, 64, 53, 56, 60, 53, 65, 62, 43, 48, 74, 49, 55, 45, 62, 61, 49, 64, 71]}, null, null, 30000, false, [], false, 0, [], null, 0, 1601672024.521977, 0, {}]
[{"0": [51, 54, 56, 61, 61, 54, 55, 55, 56, 56, 68, 58, 55, 62, 41, 57, 58, 42, 51, 54]}, null, null, 30100, false, [], false, 0, [], null, 0, 1601672067.5766702, 0, {}]
[{"0": [63, 46, 51, 46, 51, 62, 70, 54, 54, 52, 51, 61, 66, 52, 50, 59, 53, 57, 58, 61]}, null, null, 30200, false, [], false, 0, [], null, 0, 1601672112.4518855, 0, {}]
[{"0": [52, 47, 53, 64, 44, 48, 55, 56, 45, 46, 58, 55, 49, 50, 60, 54, 46, 47, 43, 61]}, null, null, 30300, false, [], false, 0, [], null, 0, 1601672158.717411, 0, {}]
[{"0": [49, 48, 53, 50, 64, 55, 58, 47, 62, 52, 57, 53, 55, 55, 49, 35, 49, 58, 59, 51]}, null, null, 30400, false, [], false, 0, [], null, 0, 1601672203.6515968, 0, {}]
[{"0": [52, 56, 53, 61, 55, 52, 61, 48, 56, 55, 63, 62, 54, 58, 55, 47, 59, 63, 51, 62]}, null, null, 30500, false, [], false, 0, [], null, 0, 1601672246.7726197, 0, {}]
[{"0": [56, 58, 54, 51, 50, 48, 60, 43, 46, 63, 49, 54, 57, 49, 52, 55, 46, 61, 54, 49]}, null, null, 30600, false, [], false, 0, [], null, 0, 1601672292.778059, 0, {}]
[{"0": [49, 59, 50, 46, 50, 50, 51, 44, 45, 53, 38, 51, 48, 61, 51, 47, 69, 41, 37, 61]}, null, null, 30700, false, [], false, 0, [], null, 0, 1601672338.8543038, 0, {}]
[{"0": [53, 62, 55, 51, 57, 50, 54, 48, 48, 63, 48, 48, 50, 52, 54, 36, 54, 57, 57, 54]}, null, null, 30800, true, [], false, 0, [], null, 0, 1601672382.5597687, 0, {}]
