[{"0": [57, 43, 62, 47, 54, 52, 61, 46, 40, 43, 114, 48, 44, 47, 51, 52, 57, 43, 52, 39]}, null, null, 28400, false, [], false, 0, [], null, 0, 1601668749.0849445, 0, {}]
[{"0": [51, 46, 52, 59, 63, 66, 39, 57, 51, 57, 46, 59, 56, 46, 57, 45, 53, 58, 49, 40]}, null, null, 28500, false, [], false, 0, [], null, 0, 1601668779.9164488, 0, {}]
[{"0": [68, 56, 64, 61, 55, 51, 49, 54, 55, 50, 40, 50, 55, 51, 39, 62, 76, 43, 53, 54]}, null, null, 28600, false, [], false, 0, [], null, 0, 1601668818.510255, 0, {}]
[{"0": [54, 39, 65, 53, 48, 40, 54, 54, 54, 134, 57, 45, 50, 48, 53, 59, 53, 61, 60, 48]}, null, null, 28700, false, [], false, 0, [], null, 0, 1601668874.6581762, 0, {}]
[{"0": [41, 45, 49, 61, 59, 49, 38, 51, 45, 45, 35, 57, 45, 54, 57, 58, 314, 44, 35, 39]}, null, null, 28800, false, [], false, 0, [], null, 0, 1601668917.02645, 0, {}]
[{"0": [48, 43, 39, 55, 48, 66, 45, 48, 46, 39, 43, 46, 48, 39, 46, 38, 45, 44, 54, 60]}, null, null, 28900, false, [], false, 0, [], null, 0, 1601668952.233447, 0, {}]
[{"0": [48, 48, 61, 51, 49, 70, 49, 47, 42, 50, 46, 32, 55, 60, 40, 62, 53, 50, 58, 46]}, null, null, 29000, false, [], false, 0, [], null, 0, 1601669006.599845, 0, {}]
[{"0": [43, 42, 56, 47, 50, 70, 42, 48, 48, 41, 60, 59, 38, 55, 52, 49, 41, 59, 51, 39]}, null, null, 29100, false, [], false, 0, [], null, 0, 1601669055.775926, 0, {}]
[{"0": [35, 53, 65, 56, 47, 45, 42, 48, 52, 56, 52, 51, 49, 44, 45, 58, 53, 273, 60, 44]}, null, null, 29200, false, [], false, 0, [], null, 0, 1601669086.1713715, 0, {}]
[{"0": [50, 80, 52, 62, 51, 49, 59, 54, 131, 68, 51, 49, 50, 54, 50, 42, 55, 48, 54, 58]}, null, null, 29300, false, [], false, 0, [], null, 0, 1601669119.344072, 0, {}]
[{"0": [80, 47, 52, 42, 39, 42, 52, 55, 52, 54, 45, 127, 49, 53, 43, 79, 65, 51, 50, 51]}, null, null, 29400, false, [], false, 0, [], null, 0, 1601669170.7253616, 0, {}]
[{"0": [42, 62, 52, 45, 61, 47, 38, 50, 49, 47, 51, 55, 40, 56, 55, 52, 50, 71, 50, 46]}, null, null, 29500, false, [], false, 0, [], null, 0, 1601669231.2967646, 0, {}]
[{"0": [49, 761, 53, 41, 60, 42, 53, 53, 49, 45, 52, 42, 59, 52, 54, 53, 136, 57, 39, 57]}, null, null, 29600, false, [], false, 0, [], null, 0, 1601669269.6986303, 0, {}]
[{"0": [133, 50, 36, 71, 52, 41, 66, 43, 48, 156, 55, 61, 64, 45, 52, 45, 51, 53, 48, 40]}, null, null, 29700, false, [], false, 0, [], null, 0, 1601669300.57014, 0, {}]
[{"0": [52, 56, 45, 60, 64, 64, 52, 45, 64, 56, 53, 37, 419, 44, 41, 30, 45, 40, 49, 40]}, null, null, 29800, false, [], false, 0, [], null, 0, 1601669347.5572085, 0, {}]
[{"0": [49, 45, 59, 43, 53, 44, 64, 44, 50, 53, 67, 46, 59, 49, 281, 41, 52, 50, 46, 52]}, null, null, 29900, false, [], false, 0, [], null, 0, 1601669409.1887667, 0, {}]
[{"0": [44, 47, 58, 39, 47, 43, 59, 59, 49, 47, 48, 51, 65, 40, 67, 32, 78, 35, 56, 56]}, null, null, 30000, false, [], false, 0, [], null, 0, 1601669450.8725736, 0, {}]
[{"0": [46, 135, 55, 52, 45, 41, 51, 55, 40, 53, 49, 42, 63, 46, 40, 51, 53, 46, 51, 42]}, null, null, 30100, false, [], false, 0, [], null, 0, 1601669480.5397508, 0, {}]
[{"0": [87, 43, 75, 778, 61, 53, 50, 51, 45, 60, 52, 79, 69, 46, 59, 47, 49, 58, 54, 41]}, null, null, 30200, false, [], false, 0, [], null, 0, 1601669524.4262414, 0, {}]
[{"0": [58, 71, 42, 57, 41, 40, 45, 54, 43, 47, 57, 49, 40, 53, 56, 45, 51, 43, 45, 52]}, null, null, 30300, false, [], false, 0, [], null, 0, 1601669586.3206458, 0, {}]
[{"0": [42, 53, 54, 43, 50, 61, 34, 64, 49, 57, 38, 47, 32, 30, 50, 42, 33, 54, 52, 38]}, null, null, 30400, false, [], false, 0, [], null, 0, 1601669630.642154, 0, {}]
[{"0": [51, 36, 69, 45, 49, 38, 44, 42, 61, 49, 52, 39, 56, 51, 44, 56, 36, 50, 51, 42]}, null, null, 30500, false, [], false, 0, [], null, 0, 1601669664.513367, 0, {}]
[{"0": [47, 48, 51, 36, 57, 37, 54, 47, 49, 70, 70, 42, 35, 42, 49, 47, 58, 36, 44, 48]}, null, null, 30600, false, [], false, 0, [], null, 0, 1601669715.539347, 0, {}]
[{"0": [51, 37, 49, 43, 30, 50, 47, 43, 84, 52, 35, 48, 48, 43, 782, 48, 49, 46, 51, 47]}, null, null, 30700, false, [], false, 0, [], null, 0, 1601669766.7906497, 0, {}]
[{"0": [48, 115, 53, 44, 48, 50, 49, 45, 57, 42, 50, 49, 53, 55, 39, 57, 43, 42, 51, 52]}, null, null, 30800, true, [], false, 0, [], null, 0, 1601669801.117842, 0, {}]
