[{"0": [50, 34, 39, 59, 50, 42, 46, 49, 43, 45, 41, 47, 37, 47, 47, 55, 48, 48, 55, 53]}, null, null, 28400, false, [], false, 0, [], null, 0, 1601669978.7468536, 0, {}]
[{"0": [45, 33, 58, 48, 38, 42, 43, 43, 50, 70, 53, 40, 33, 43, 49, 48, 44, 44, 47, 55]}, null, null, 28500, false, [], false, 0, [], null, 0, 1601670047.315857, 0, {}]
[{"0": [57, 46, 47, 40, 66, 37, 44, 47, 41, 30, 54, 40, 44, 39, 45, 44, 44, 35, 46, 38]}, null, null, 28600, false, [], false, 0, [], null, 0, 1601670116.324786, 0, {}]
[{"0": [44, 31, 48, 39, 40, 48, 41, 46, 43, 47, 40, 46, 49, 43, 49, 46, 45, 43, 35, 43]}, null, null, 28700, false, [], false, 0, [], null, 0, 1601670168.8775637, 0, {}]
[{"0": [44, 52, 51, 46, 59, 51, 50, 46, 51, 44, 46, 30, 36, 45, 41, 41, 53, 52, 49, 43]}, null, null, 28800, false, [], false, 0, [], null, 0, 1601670201.4796212, 0, {}]
[{"0": [38, 41, 56, 47, 54, 49, 49, 39, 44, 55, 52, 57, 48, 47, 61, 47, 43, 48, 45, 51]}, null, null, 28900, false, [], false, 0, [], null, 0, 1601670230.4844182, 0, {}]
[{"0": [50, 55, 48, 55, 57, 40, 52, 48, 44, 43, 50, 38, 54, 42, 40, 38, 44, 53, 35, 37]}, null, null, 29000, false, [], false, 0, [], null, 0, 1601670275.3449717, 0, {}]
[{"0": [40, 52, 42, 37, 50, 36, 47, 51, 46, 50, 44, 51, 48, 39, 50, 33, 49, 39, 48, 42]}, null, null, 29100, false, [], false, 0, [], null, 0, 1601670336.6576426, 0, {}]
[{"0": [36, 56, 44, 56, 52, 46, 60, 43, 48, 35, 42, 48, 47, 39, 54, 47, 44, 55, 47, 46]}, null, null, 29200, false, [], false, 0, [], null, 0, 1601670379.323011, 0, {}]
[{"0": [56, 38, 38, 56, 51, 43, 51, 39, 46, 44, 37, 44, 41, 47, 48, 58, 46, 40, 54, 42]}, null, null, 29300, false, [], false, 0, [], null, 0, 1601670411.0138762, 0, {}]
[{"0": [39, 52, 54, 41, 55, 53, 44, 56, 56, 34, 40, 54, 40, 50, 44, 45, 52, 48, 44, 34]}, null, null, 29400, false, [], false, 0, [], null, 0, 1601670452.782759, 0, {}]
[{"0": [47, 34, 45, 45, 52, 43, 58, 51, 42, 52, 39, 47, 39, 60, 43, 50, 48, 49, 44, 41]}, null, null, 29500, false, [], false, 0, [], null, 0, 1601670136.7653084, 0, {}]
