[{"0": [0, 0, 0, 0, 0, 0, 0, 0, 0, 0, 0, 0, 0, 0, 0, 0, 0, 0, 0, 0, 0, 1, 0, 0, 0, 0, 1, 0, 1, 0, 0, 0, 0, 0, 0, 1, 0, 0, 0, 0, 1, 0, 0, 0, 0, 0, 0, 1, 1, 0, 0, 0, 0, 1, 0, 2, 1, 2, 2, 15, 6, 5, 1, 0, 1, 8, 1, 6, 6, 7, 10, 5, 0, 2, 1, 0, 0, 0, 0, 0, 0, 0, 1, 0, 1, 3, 3, 1, 0, 0, 0, 3, 0, 0, 0, 0, 0, 0, 0, 1, 0, 0, 0, 0, 0, 0, 0, 2, 0, 1, 4, 9, 11, 1, 4, 2, 4, 1, 1, 6]}, null, null, 28800, false, [], false, 0, [], null, 0, 1601667003.634519, 0, {}]
[{"0": [13, 11, 0, 0, 0, 0, 0, 0, 0, 0, 0, 0, 0, 0, 0, 0, 0, 0, 1, 0, 0, 0, 0, 0, 0, 0, 0, 1, 2, 2, 0, 0, 0, 0, 0, 1, 0, 0, 0, 0, 0, 0, 0, 1, 3, 0, 2, 1, 1, 1, 0, 0, 0, 0, 0, 0, 3, 1, 2, 0, 9, 5, 2, 8, 15, 13, 12, 13, 7, 7, 1, 5, 10, 0, 3, 0, 0, 0, 0, 1, 1, 0, 0, 0, 0, 1, 5, 4, 0, 0, 0, 0, 0, 0, 0, 0, 0, 0, 0, 0, 0, 0, 0, 0, 0, 1, 0, 1, 0, 2, 10, 9, 14, 12, 8, 9, 14, 6, 1, 5]}, null, null, 28850, false, [], false, 0, [], null, 0, 1601667056.1761568, 0, {}]
[{"0": [4, 3, 3, 0, 0, 0, 0, 0, 0, 0, 0, 0, 0, 0, 0, 1, 0, 0, 0, 0, 0, 0, 0, 3, 0, 0, 1, 0, 0, 0, 6, 0, 0, 2, 0, 1, 0, 1, 0, 0, 0, 0, 0, 0, 0, 1, 0, 2, 0, 0, 0, 0, 0, 0, 0, 1, 1, 1, 1, 2, 1, 11, 15, 10, 13, 8, 12, 6, 5, 7, 14, 14, 1, 6, 4, 0, 5, 0, 0, 0, 0, 0, 0, 0, 0, 10, 3, 4, 6, 0, 0, 0, 1, 0, 0, 2, 0, 0, 0, 0, 0, 0, 0, 0, 0, 0, 0, 0, 0, 2, 1, 14, 10, 4, 4, 5, 8, 7, 6, 6]}, null, null, 28900, false, [], false, 0, [], null, 0, 1601667113.732507, 0, {}]
[{"0": [10, 1, 4, 0, 2, 0, 0, 0, 0, 0, 0, 0, 0, 0, 0, 0, 0, 0, 0, 0, 0, 0, 0, 0, 0, 0, 0, 1, 0, 0, 4, 2, 4, 0, 1, 2, 0, 2, 0, 0, 0, 0, 0, 0, 0, 0, 2, 6, 5, 5, 2, 2, 0, 0, 1, 1, 5, 1, 1, 0, 5, 4, 15, 11, 16, 13, 13, 14, 4, 17, 8, 10, 3, 1, 9, 4, 0, 1, 0, 0, 0, 0, 0, 0, 0, 0, 8, 6, 9, 4, 1, 0, 3, 0, 0, 0, 0, 1, 0, 1, 2, 0, 0, 0, 0, 0, 0, 0, 1, 0, 3, 2, 3, 7, 19, 10, 8, 6, 10, 5]}, null, null, 28950, false, [], false, 0, [], null, 0, 1601667169.8809547, 0, {}]
[{"0": [2, 9, 2, 8, 10, 7, 1, 0, 0, 0, 0, 0, 0, 0, 0, 0, 0, 0, 1, 0, 1, 1, 0, 0, 1, 0, 0, 0, 0, 0, 0, 0, 0, 0, 1, 0, 1, 0, 0, 0, 0, 0, 0, 0, 0, 0, 0, 0, 0, 2, 3, 2, 0, 3, 0, 0, 0, 1, 5, 1, 1, 1, 1, 0, 7, 1, 0, 15, 11, 8, 15, 12, 14, 10, 16, 5, 8, 9, 1, 1, 2, 0, 5, 0, 0, 0, 0, 0, 0, 0, 0, 3, 7, 6, 9, 8, 1, 2, 0, 0, 0, 0, 0, 0, 0, 0, 0, 1, 0, 0, 0, 0, 0, 0, 0, 0, 3, 4, 6, 15]}, null, null, 29000, false, [], false, 0, [], null, 0, 1601667224.9036834, 0, {}]
[{"0": [14, 6, 1, 12, 6, 2, 6, 0, 5, 2, 4, 2, 1, 0, 1, 0, 0, 0, 0, 0, 0, 0, 1, 0, 0, 0, 0, 0, 0, 3, 0, 0, 1, 0, 1, 0, 0, 0, 0, 0, 0, 0, 1, 0, 0, 0, 0, 0, 0, 0, 0, 0, 0, 0, 2, 0, 2, 0, 4, 13, 1, 1, 2, 1, 1, 4, 6, 2, 2, 1, 1, 0, 4, 16, 15, 13, 18, 11, 15, 16, 11, 13, 13, 3, 4, 5, 5, 6, 0, 1, 0, 0, 0, 0, 0, 0, 0, 4, 0, 7, 15, 5, 6, 2, 0, 1, 1, 1, 0, 1, 0, 1, 0, 0, 0, 0, 0, 0, 0, 0]}, null, null, 29050, false, [], false, 0, [], null, 0, 1601667280.542227, 0, {}]
[{"0": [0, 0, 1, 0, 2, 0, 4, 1, 7, 13, 16, 9, 6, 12, 2, 10, 7, 7, 7, 2, 2, 2, 0, 0, 0, 0, 0, 0, 0, 0, 0, 1, 0, 0, 0, 0, 0, 1, 1, 0, 3, 0, 0, 0, 0, 0, 0, 0, 0, 0, 0, 0, 0, 0, 0, 2, 0, 1, 2, 0, 1, 1, 0, 0, 3, 3, 3, 5, 5, 7, 3, 3, 2, 6, 2, 2, 5, 1, 0, 0, 0, 17, 9, 18, 11, 15, 11, 17, 8, 13, 10, 14, 0, 4, 0, 1, 0, 0, 4, 0, 0, 0, 0, 0, 0, 0, 0, 9, 0, 6, 11, 11, 6, 2, 0, 0, 0, 0, 1, 5]}, null, null, 29100, false, [], false, 0, [], null, 0, 1601667340.1977153, 0, {}]
[{"0": [2, 0, 0, 0, 0, 0, 0, 0, 0, 0, 0, 1, 1, 5, 16, 5, 5, 9, 3, 4, 3, 0, 0, 8, 0, 5, 2, 2, 0, 1, 0, 0, 0, 0, 0, 0, 0, 1, 0, 0, 3, 2, 1, 6, 0, 1, 0, 0, 0, 0, 1, 0, 0, 0, 0, 0, 0, 1, 0, 0, 0, 0, 2, 0, 0, 0, 1, 0, 0, 2, 14, 7, 0, 5, 9, 5, 2, 2, 10, 0, 5, 0, 0, 0, 0, 3, 3, 17, 14, 14, 18, 14, 16, 7, 18, 16, 12, 11, 0, 0, 0, 0, 1, 0, 0, 0, 0, 0, 0, 0, 0, 1, 0, 12, 3, 4, 5, 1, 0, 0]}, null, null, 29150, false, [], false, 0, [], null, 0, 1601667395.7218292, 0, {}]
[{"0": [1, 0, 1, 3, 0, 0, 2, 0, 1, 0, 0, 0, 0, 0, 0, 0, 0, 1, 11, 10, 15, 16, 1, 15, 3, 5, 3, 3, 3, 4, 3, 0, 0, 0, 0, 0, 0, 0, 0, 0, 0, 1, 0, 0, 0, 1, 0, 0, 0, 1, 1, 0, 0, 0, 0, 0, 0, 0, 0, 0, 0, 1, 0, 0, 0, 0, 0, 0, 0, 0, 0, 0, 2, 3, 4, 5, 11, 7, 8, 11, 4, 6, 6, 3, 5, 1, 0, 0, 1, 0, 9, 17, 15, 20, 17, 12, 8, 15, 13, 12, 14, 4, 11, 0, 1, 0, 0, 0, 0, 0, 0, 0, 0, 0, 0, 0, 0, 0, 8, 1]}, null, null, 29200, false, [], false, 0, [], null, 0, 1601667453.0516214, 0, {}]
[{"0": [5, 9, 10, 0, 1, 0, 3, 1, 1, 0, 3, 0, 0, 1, 0, 0, 0, 0, 0, 1, 0, 1, 1, 7, 8, 16, 19, 0, 1, 0, 5, 0, 0, 3, 2, 0, 1, 0, 0, 0, 1, 1, 0, 0, 0, 1, 0, 1, 0, 0, 0, 0, 0, 0, 0, 0, 0, 0, 0, 0, 0, 0, 0, 0, 1, 0, 1, 0, 0, 0, 0, 0, 0, 0, 0, 3, 0, 0, 0, 3, 8, 6, 5, 10, 5, 7, 11, 8, 11, 6, 9, 0, 0, 0, 0, 10, 15, 7, 16, 7, 12, 12, 6, 12, 16, 14, 8, 1, 0, 0, 0, 0, 0, 0, 0, 0, 0, 0, 0, 0]}, null, null, 29250, false, [], false, 0, [], null, 0, 1601667505.9062953, 0, {}]
[{"0": [0, 0, 0, 5, 15, 15, 5, 8, 0, 1, 0, 0, 0, 0, 0, 0, 0, 0, 0, 0, 0, 0, 1, 0, 0, 1, 0, 2, 5, 14, 9, 4, 2, 1, 0, 4, 1, 0, 3, 1, 0, 0, 0, 0, 0, 0, 0, 0, 0, 0, 0, 0, 0, 0, 1, 0, 0, 0, 0, 0, 0, 0, 0, 0, 0, 0, 0, 0, 0, 0, 0, 0, 0, 0, 0, 2, 0, 0, 0, 0, 1, 0, 0, 5, 14, 11, 12, 9, 2, 3, 12, 0, 6, 6, 5, 0, 0, 0, 0, 16, 3, 13, 10, 11, 1, 9, 11, 1, 14, 15, 11, 2, 0, 0, 0, 0, 2, 0, 0, 0]}, null, null, 29300, false, [], false, 0, [], null, 0, 1601667567.0366986, 0, {}]
[{"0": [0, 0, 0, 0, 0, 0, 0, 9, 1, 6, 5, 8, 2, 3, 0, 0, 1, 0, 0, 0, 0, 0, 0, 0, 0, 0, 0, 0, 0, 0, 0, 0, 0, 8, 11, 1, 1, 0, 0, 0, 0, 0, 0, 2, 0, 0, 0, 0, 0, 0, 0, 0, 0, 0, 0, 0, 0, 1, 0, 0, 0, 0, 0, 0, 0, 0, 0, 0, 0, 0, 0, 0, 1, 0, 0, 0, 0, 0, 0, 0, 0, 0, 0, 0, 2, 0, 0, 1, 4, 6, 3, 8, 6, 8, 9, 7, 0, 2, 6, 8, 2, 0, 0, 0, 4, 8, 6, 18, 9, 8, 8, 10, 4, 8, 7, 8, 1, 0, 1, 0]}, null, null, 29350, false, [], false, 0, [], null, 0, 1601667616.9033177, 0, {}]
[{"0": [1, 0, 0, 0, 0, 0, 0, 0, 0, 0, 0, 0, 11, 7, 2, 5, 6, 3, 0, 0, 2, 1, 0, 0, 0, 0, 0, 0, 0, 0, 1, 0, 0, 0, 0, 0, 0, 0, 0, 1, 1, 0, 0, 0, 13, 12, 1, 1, 1, 0, 0, 1, 0, 0, 0, 0, 0, 0, 0, 0, 0, 0, 0, 0, 0, 0, 0, 1, 0, 0, 0, 0, 0, 0, 0, 0, 0, 0, 0, 0, 0, 0, 0, 0, 1, 0, 0, 0, 0, 0, 0, 0, 0, 0, 0, 1, 0, 0, 0, 3, 2, 3, 6, 5, 7, 2, 10, 2, 1, 4, 6, 7, 0, 0, 0, 11, 2, 16, 6, 12]}, null, null, 29400, false, [], false, 0, [], null, 0, 1601667675.587292, 0, {}]
[{"0": [7, 3, 13, 9, 5, 5, 2, 4, 0, 0, 0, 0, 0, 0, 0, 0, 0, 0, 0, 0, 0, 0, 0, 8, 9, 4, 6, 5, 2, 1, 0, 0, 0, 0, 0, 0, 0, 0, 0, 0, 0, 0, 0, 0, 0, 0, 1, 0, 2, 5, 2, 0, 0, 0, 0, 0, 1, 0, 0, 0, 0, 1, 0, 0, 0, 0, 0, 0, 0, 0, 0, 0, 1, 0, 0, 0, 0, 0, 0, 0, 0, 0, 0, 0, 0, 0, 0, 0, 0, 0, 0, 0, 0, 0, 0, 0, 0, 0, 1, 0, 0, 0, 0, 0, 6, 9, 4, 11, 3, 3, 5, 0, 1, 0, 0, 2, 1, 0, 0, 0]}, null, null, 29450, false, [], false, 0, [], null, 0, 1601667763.7822385, 0, {}]
[{"0": [10, 7, 6, 13, 10, 14, 11, 9, 13, 12, 13, 13, 7, 7, 5, 3, 3, 10, 4, 1, 2, 1, 0, 0, 1, 2, 0, 4, 7, 5, 8, 9, 3, 3, 1, 0, 0, 1, 0, 0, 1, 0, 0, 0, 0, 0, 0, 0, 0, 0, 0, 3, 3, 3, 8, 15, 11, 12, 12, 12, 8, 7, 9, 9, 13, 2, 3, 2, 0, 0, 0, 0, 1, 0, 0, 1, 2, 1, 0, 0, 0, 1, 0, 0, 0, 2, 1, 1, 1, 0, 0, 1, 1, 2, 8, 8, 11, 6, 6, 7, 4, 7, 4, 5, 2, 1, 2, 3, 1, 3, 4, 5, 2, 4, 1, 4, 4, 3, 1, 3]}, null, null, 29500, false, [], false, 0, [], null, 0, 1601667853.095558, 0, {}]
[{"0": [4, 1, 3, 5, 15, 14, 21, 19, 13, 14, 14, 10, 9, 13, 11, 12, 14, 13, 5, 3, 2, 3, 0, 8, 4, 2, 1, 0, 3, 3, 1, 1, 4, 6, 7, 8, 5, 7, 5, 0, 3, 3, 1, 1, 1, 0, 0, 0, 0, 0, 0, 0, 0, 0, 0, 1, 4, 4, 7, 10, 15, 12, 9, 6, 10, 13, 14, 8, 8, 7, 9, 4, 6, 0, 0, 0, 2, 0, 1, 0, 1, 0, 3, 0, 2, 1, 0, 4, 2, 1, 0, 2, 1, 0, 0, 2, 1, 1, 3, 8, 6, 5, 7, 10, 10, 5, 5, 4, 6, 1, 0, 0, 0, 1, 2, 6, 1, 3, 3, 4]}, null, null, 29550, false, [], false, 0, [], null, 0, 1601667912.9429295, 0, {}]
[{"0": [2, 1, 2, 5, 3, 3, 5, 8, 5, 13, 14, 15, 13, 12, 15, 14, 16, 16, 13, 9, 10, 9, 12, 9, 8, 4, 1, 3, 3, 2, 0, 1, 0, 1, 1, 1, 4, 3, 4, 9, 3, 9, 7, 1, 2, 1, 2, 1, 0, 0, 3, 1, 0, 0, 2, 2, 0, 0, 1, 0, 1, 4, 4, 6, 11, 12, 11, 7, 15, 4, 11, 8, 7, 11, 8, 9, 4, 2, 0, 0, 0, 0, 1, 0, 0, 1, 1, 2, 0, 0, 0, 0, 1, 0, 2, 0, 0, 0, 1, 0, 1, 1, 6, 0, 9, 7, 6, 9, 6, 6, 7, 7, 8, 1, 4, 0, 3, 3, 2, 0]}, null, null, 29600, false, [], false, 0, [], null, 0, 1601667949.597512, 0, {}]
