# <?xml version="1.0" ?>
# <DataFileHeader>
#   <Variables>
#     <ColumnSpec>x, y</ColumnSpec>
#     <Element name="comment" type="str"></Element>
#     <Element name="counter" type="str">Plot 2</Element>
#     <Element name="name" type="str"></Element>
#     <Element name="traceCreation" type="datetime">2020-11-26 21:34:02.448975+00:00</Element>
#     <TracePlottingList>
#       <TracePlotting _bottomColumn="bottom" _filtColumn="None" _fitFunction="None" _heightColumn="height" _rawColumn="raw" _topColumn="top" _xColumn="x" _yColumn="y" fill="True" name="Counter 0" properties="&lt;trace.PlottedTrace.PlottedTraceProperties object at 0x000002364CF3DA90&gt;" style="0" type="0" windowName="None" xAxisLabel="None" xAxisUnit="None" yAxisLabel="None">
#         <PlottedTraceProperties averageSameX="False" averageType="None" combinePoints="0"/>
#       </TracePlotting>
#     </TracePlottingList>
#   </Variables>
# </DataFileHeader>
1606426380.952876	1459.0
1606426381.0528762	1462.0
1606426381.152876	1440.0
1606426381.2528758	1416.0
1606426381.352876	1465.0
1606426381.4528759	1486.0
1606426381.5528758	1465.0
1606426381.652876	1512.0
1606426381.7528756	1391.0
1606426381.8528757	1462.0
1606426381.9528756	1417.0
1606426382.0528755	1501.0
1606426382.1528757	1454.0
1606426382.2528756	1457.0
1606426382.3528755	1464.0
1606426382.4528754	1486.0
1606426382.5528753	1389.0
1606426382.6528754	1491.0
1606426382.7528753	1505.0
1606426382.8528755	1473.0
1606426382.9528754	1459.0
1606426383.052875	1355.0
1606426383.1528752	1463.0
1606426383.252875	1469.0
1606426383.352875	1428.0
1606426383.4528751	1426.0
1606426383.552875	1431.0
1606426383.652875	1520.0
1606426383.7528749	1420.0
1606426383.8528748	1441.0
1606426383.952875	1452.0
1606426384.0528748	1455.0
1606426384.152875	1438.0
1606426384.2528749	1437.0
1606426384.3528745	1418.0
1606426384.4528747	1524.0
1606426384.5528746	1442.0
1606426384.6528747	1455.0
1606426384.7528746	1437.0
1606426384.8528745	1414.0
1606426384.9528744	1490.0
1606426385.0528743	1402.0
1606426385.1528742	1514.0
1606426385.2528744	1468.0
1606426385.3528743	1460.0
1606426385.4528744	1444.0
1606426385.552874	1433.0
1606426385.652874	1452.0
1606426385.7528741	1415.0
1606426385.852874	1433.0
1606426385.9528742	1459.0
1606426386.052874	1380.0
1606426386.152874	1523.0
1606426386.252874	1501.0
1606426386.3528738	1436.0
1606426386.452874	1513.0
1606426386.5528738	1474.0
1606426386.6528738	1380.0
1606426386.752874	1437.0
1606426386.8528736	1469.0
1606426386.9528735	1460.0
1606426387.0528736	1349.0
1606426387.1528735	1523.0
1606426387.2528737	1474.0
1606426387.3528736	1416.0
1606426387.4528735	1469.0
1606426387.5528734	1476.0
1606426387.6528733	1453.0
1606426387.7528734	1473.0
1606426387.8528733	1504.0
1606426387.9528732	1479.0
1606426388.0528734	1495.0
1606426388.152873	1396.0
1606426388.252873	1465.0
1606426388.352873	1443.0
1606426388.452873	1433.0
1606426388.5528731	1452.0
1606426388.652873	1350.0
1606426388.7528727	1419.0
1606426388.8528728	1480.0
1606426388.9528728	1492.0
1606426389.052873	1476.0
1606426389.1528728	1468.0
1606426389.2528727	1525.0
1606426389.3528728	1477.0
1606426389.4528725	1422.0
1606426389.5528727	1471.0
1606426389.6528726	1493.0
1606426389.7528725	1478.0
1606426389.8528726	1472.0
1606426389.9528725	1485.0
1606426390.0528722	1428.0
1606426390.1528723	1378.0
1606426390.2528722	1422.0
1606426390.3528724	1501.0
1606426390.4528723	1526.0
1606426390.5528722	1471.0
1606426390.6528723	1416.0
1606426390.752872	1407.0
1606426390.8528721	1349.0
1606426390.952872	1378.0
1606426391.052872	1483.0
1606426391.152872	1365.0
1606426391.252872	1479.0
1606426391.352872	1455.0
1606426391.4528718	1411.0
1606426391.5528717	1422.0
1606426391.6528718	1470.0
1606426391.7528718	1484.0
1606426391.852872	1465.0
1606426391.9528716	1451.0
1606426392.0528715	1458.0
1606426392.1528716	1448.0
1606426392.2528715	1518.0
1606426392.3528714	1434.0
1606426392.4528716	1406.0
1606426392.5528715	1395.0
1606426392.6528714	1462.0
1606426392.7528713	1479.0
1606426392.8528712	1448.0
1606426392.9528713	1447.0
1606426393.0528712	1445.0
1606426393.1528714	1433.0
1606426393.252871	1420.0
1606426393.352871	1438.0
1606426393.452871	1401.0
1606426393.552871	1419.0
1606426393.652871	1412.0
1606426393.752871	1475.0
1606426393.852871	1461.0
1606426393.9528708	1431.0
1606426394.0528708	1442.0
1606426394.1528707	1536.0
1606426394.2528708	1515.0
1606426394.3528707	1478.0
1606426394.4528708	1516.0
1606426394.5528705	1459.0
1606426394.6528704	1469.0
1606426394.7528706	1462.0
1606426394.8528705	1452.0
1606426394.9528706	1508.0
1606426395.0528705	1444.0
1606426395.1528702	1382.0
1606426395.2528703	1477.0
1606426395.3528702	1421.0
1606426395.4528701	1464.0
1606426395.5528703	1403.0
1606426395.6528702	1514.0
1606426395.7528703	1479.0
1606426395.85287	1437.0
1606426395.95287	1452.0
1606426396.05287	1469.0
1606426396.15287	1494.0
1606426396.25287	1448.0
1606426396.35287	1526.0
1606426396.4528697	1420.0
1606426396.5528698	1390.0
1606426396.6528697	1479.0
1606426396.7528698	1476.0
1606426396.8528697	1447.0
1606426396.9528697	1517.0
1606426397.0528698	1453.0
1606426397.1528695	1457.0
1606426397.2528694	1420.0
1606426397.3528695	1465.0
1606426397.4528694	1544.0
1606426397.5528696	1410.0
1606426397.6528695	1476.0
1606426397.7528691	1512.0
1606426397.8528693	1434.0
1606426397.9528692	1470.0
1606426398.0528693	1460.0
1606426398.1528692	1446.0
1606426398.2528691	1397.0
1606426398.352869	1493.0
1606426398.452869	1437.0
1606426398.552869	1420.0
1606426398.652869	1453.0
1606426398.752869	1449.0
1606426398.852869	1456.0
1606426398.952869	1452.0
1606426399.0528686	1436.0
1606426399.1528687	1486.0
1606426399.2528687	1502.0
1606426399.3528688	1484.0
1606426399.4528687	1405.0
1606426399.5528686	1426.0
1606426399.6528685	1468.0
1606426399.7528684	1412.0
1606426399.8528686	1467.0
1606426399.9528685	1497.0
1606426400.0528684	1486.0
1606426400.1528685	1431.0
1606426400.2528684	1448.0
1606426400.352868	1490.0
1606426400.4528682	1469.0
1606426400.5528681	1413.0
1606426400.6528683	1426.0
1606426400.7528682	1460.0
1606426400.852868	1434.0
1606426400.952868	1426.0
1606426401.052868	1504.0
1606426401.152868	1404.0
1606426401.252868	1406.0
1606426401.3528678	1418.0
1606426401.452868	1450.0
1606426401.5528677	1466.0
1606426401.6528678	1414.0
1606426401.7528677	1416.0
1606426401.8528676	1483.0
1606426401.9528677	1391.0
1606426402.0528677	1437.0
1606426402.1528678	1467.0
1606426402.2528675	1497.0
1606426402.3528674	1490.0
1606426402.4528675	1371.0
1606426402.5528674	1365.0
1606426402.6528673	1445.0
1606426402.7528675	1496.0
1606426402.8528671	1449.0
1606426402.9528673	1472.0
1606426403.0528672	1376.0
1606426403.152867	1424.0
1606426403.2528672	1490.0
1606426403.3528671	1482.0
1606426403.4528673	1460.0
1606426403.552867	1503.0
1606426403.6528668	1492.0
1606426403.752867	1456.0
1606426403.852867	1413.0
1606426403.952867	1490.0
1606426404.052867	1546.0
1606426404.1528666	1404.0
1606426404.2528667	1420.0
1606426404.3528666	1466.0
1606426404.4528666	1412.0
1606426404.5528667	1488.0
1606426404.6528666	1446.0
1606426404.7528665	1418.0
1606426404.8528664	1507.0
1606426404.9528663	1431.0
1606426405.0528665	1456.0
1606426405.1528664	1502.0
1606426405.2528665	1460.0
1606426405.3528664	1404.0
1606426405.452866	1516.0
1606426405.5528662	1463.0
1606426405.6528661	1502.0
1606426405.752866	1484.0
1606426405.8528662	1419.0
1606426405.952866	1439.0
1606426406.052866	1418.0
1606426406.152866	1477.0
1606426406.2528658	1438.0
1606426406.352866	1428.0
1606426406.4528658	1461.0
1606426406.552866	1454.0
1606426406.652866	1442.0
1606426406.7528656	1470.0
1606426406.8528657	1428.0
1606426406.9528656	1502.0
1606426407.0528657	1472.0
1606426407.1528656	1540.0
1606426407.2528656	1405.0
1606426407.3528655	1427.0
1606426407.4528654	1400.0
1606426407.5528653	1488.0
1606426407.6528654	1442.0
1606426407.7528653	1481.0
1606426407.8528655	1437.0
1606426407.9528651	1415.0
1606426408.052865	1447.0
1606426408.1528652	1425.0
1606426408.252865	1472.0
1606426408.3528652	1453.0
1606426408.4528651	1489.0
1606426408.552865	1446.0
1606426408.652865	1488.0
1606426408.7528648	1464.0
1606426408.852865	1443.0
1606426408.952865	1446.0
1606426409.0528648	1469.0
1606426409.152865	1497.0
1606426409.2528646	1459.0
1606426409.3528645	1410.0
1606426409.4528646	1497.0
1606426409.5528646	1418.0
1606426409.6528647	1434.0
1606426409.7528646	1480.0
1606426409.8528645	1482.0
1606426409.9528644	1389.0
1606426410.0528643	1364.0
1606426410.1528645	1473.0
1606426410.2528644	1449.0
1606426410.3528643	1470.0
1606426410.4528644	1502.0
1606426410.552864	1437.0
1606426410.6528642	1500.0
1606426410.7528641	1427.0
1606426410.852864	1424.0
1606426410.9528642	1454.0
1606426411.052864	1447.0
1606426411.1528637	1556.0
1606426411.252864	1432.0
1606426411.3528638	1480.0
1606426411.452864	1446.0
1606426411.5528638	1412.0
1606426411.6528637	1495.0
1606426411.752864	1426.0
1606426411.8528636	1398.0
1606426411.9528637	1440.0
1606426412.0528636	1460.0
1606426412.1528635	1420.0
1606426412.2528636	1444.0
1606426412.3528636	1476.0
1606426412.4528632	1433.0
1606426412.5528634	1419.0
1606426412.6528633	1455.0
1606426412.7528634	1440.0
1606426412.8528633	1480.0
1606426412.9528632	1458.0
1606426413.0528634	1423.0
1606426413.152863	1446.0
1606426413.2528632	1466.0
1606426413.352863	1460.0
1606426413.452863	1397.0
1606426413.5528631	1458.0
1606426413.652863	1457.0
1606426413.752863	1488.0
1606426413.8528628	1456.0
1606426413.9528627	1401.0
1606426414.052863	1415.0
1606426414.1528628	1444.0
1606426414.252863	1456.0
1606426414.3528626	1431.0
1606426414.4528625	1460.0
1606426414.5528626	1445.0
1606426414.6528625	1418.0
1606426414.7528625	1439.0
1606426414.8528626	1441.0
1606426414.9528625	1408.0
1606426415.0528624	1410.0
1606426415.1528623	1359.0
1606426415.2528622	1510.0
1606426415.3528624	1396.0
1606426415.4528623	1445.0
1606426415.5528624	1428.0
1606426415.652862	1473.0
1606426415.752862	1478.0
1606426415.8528621	1440.0
1606426415.952862	1367.0
1606426416.0528622	1420.0
1606426416.152862	1414.0
1606426416.252862	1536.0
1606426416.352862	1444.0
1606426416.4528618	1450.0
1606426416.5528617	1461.0
1606426416.6528618	1410.0
1606426416.7528617	1481.0
1606426416.852862	1408.0
1606426416.9528615	1434.0
1606426417.0528615	1478.0
1606426417.1528616	1477.0
1606426417.2528615	1471.0
1606426417.3528616	1397.0
1606426417.4528615	1465.0
1606426417.5528612	1413.0
1606426417.6528614	1484.0
1606426417.7528613	1396.0
1606426417.8528612	1503.0
1606426417.9528613	1445.0
1606426418.0528612	1416.0
1606426418.1528614	1485.0
1606426418.252861	1437.0
1606426418.352861	1437.0
1606426418.452861	1490.0
1606426418.552861	1426.0
1606426418.652861	1451.0
1606426418.752861	1550.0
1606426418.8528607	1475.0
1606426418.9528608	1453.0
1606426419.0528607	1491.0
1606426419.1528609	1416.0
1606426419.2528608	1427.0
1606426419.3528607	1476.0
1606426419.4528608	1416.0
1606426419.5528605	1418.0
1606426419.6528604	1388.0
1606426419.7528605	1502.0
1606426419.8528605	1427.0
1606426419.9528606	1436.0
1606426420.0528605	1442.0
1606426420.1528602	1495.0
1606426420.2528603	1508.0
1606426420.3528602	1380.0
1606426420.4528604	1470.0
1606426420.5528603	1388.0
1606426420.6528602	1411.0
1606426420.75286	1458.0
1606426420.85286	1381.0
1606426420.95286	1467.0
1606426421.05286	1456.0
1606426421.15286	1515.0
1606426421.25286	1477.0
1606426421.35286	1514.0
1606426421.4528596	1465.0
1606426421.5528598	1507.0
1606426421.6528597	1398.0
1606426421.7528598	1463.0
1606426421.8528597	1404.0
1606426421.9528596	1540.0
1606426422.0528595	1499.0
1606426422.1528594	1412.0
1606426422.2528596	1467.0
1606426422.3528595	1496.0
1606426422.4528594	1409.0
1606426422.5528595	1434.0
1606426422.6528594	1512.0
1606426422.7528594	1442.0
1606426422.8528593	1376.0
1606426422.9528592	1397.0
1606426423.0528593	1440.0
1606426423.1528592	1439.0
1606426423.2528594	1409.0
1606426423.352859	1422.0
1606426423.452859	1449.0
1606426423.552859	1443.0
1606426423.652859	1528.0
1606426423.7528589	1440.0
1606426423.852859	1510.0
1606426423.9528587	1421.0
1606426424.0528588	1404.0
1606426424.1528587	1492.0
1606426424.2528586	1474.0
1606426424.3528588	1416.0
1606426424.4528587	1473.0
1606426424.5528588	1491.0
1606426424.6528585	1471.0
1606426424.7528584	1400.0
1606426424.8528585	1442.0
1606426424.9528584	1365.0
1606426425.0528584	1386.0
1606426425.1528585	1445.0
1606426425.2528582	1495.0
1606426425.3528583	1484.0
1606426425.4528582	1445.0
1606426425.552858	1473.0
1606426425.6528583	1451.0
1606426425.7528582	1420.0
1606426425.8528583	1465.0
1606426425.952858	1428.0
1606426426.0528579	1461.0
1606426426.152858	1517.0
1606426426.252858	1547.0
1606426426.352858	1451.0
1606426426.452858	1493.0
1606426426.5528576	1540.0
1606426426.6528578	1398.0
1606426426.7528577	1413.0
1606426426.8528576	1396.0
1606426426.9528577	1424.0
1606426427.0528576	1492.0
1606426427.1528575	1469.0
1606426427.2528574	1431.0
1606426427.3528574	1445.0
1606426427.4528575	1466.0
1606426427.5528574	1438.0
1606426427.6528575	1410.0
1606426427.7528574	1361.0
1606426427.852857	1506.0
1606426427.9528573	1464.0
1606426428.0528572	1452.0
1606426428.1528573	1422.0
1606426428.2528572	1435.0
1606426428.352857	1361.0
1606426428.452857	1467.0
1606426428.552857	1432.0
1606426428.6528568	1409.0
1606426428.752857	1464.0
1606426428.8528569	1440.0
1606426428.952857	1412.0
1606426429.052857	1544.0
1606426429.1528566	1401.0
1606426429.2528567	1405.0
1606426429.3528566	1397.0
1606426429.4528568	1438.0
1606426429.5528567	1463.0
1606426429.6528566	1526.0
1606426429.7528565	1455.0
1606426429.8528564	1431.0
1606426429.9528563	1431.0
1606426430.0528564	1429.0
1606426430.1528563	1433.0
1606426430.2528565	1471.0
1606426430.3528562	1431.0
1606426430.452856	1411.0
1606426430.5528562	1422.0
1606426430.652856	1484.0
1606426430.7528563	1490.0
1606426430.8528562	1468.0
1606426430.952856	1486.0
1606426431.052856	1461.0
1606426431.1528559	1402.0
1606426431.252856	1515.0
1606426431.352856	1436.0
1606426431.4528558	1387.0
1606426431.552856	1456.0
1606426431.6528556	1472.0
1606426431.7528555	1477.0
1606426431.8528557	1416.0
1606426431.9528556	1375.0
1606426432.0528557	1405.0
1606426432.1528556	1436.0
1606426432.2528555	1493.0
1606426432.3528554	1399.0
1606426432.4528553	1434.0
1606426432.5528555	1397.0
1606426432.6528554	1448.0
1606426432.7528553	1473.0
1606426432.8528554	1398.0
1606426432.952855	1474.0
1606426433.0528553	1452.0
1606426433.1528552	1444.0
1606426433.252855	1417.0
1606426433.3528552	1441.0
1606426433.452855	1475.0
1606426433.5528548	1502.0
1606426433.652855	1456.0
1606426433.7528548	1450.0
1606426433.852855	1445.0
1606426433.9528549	1442.0
1606426434.0528548	1374.0
1606426434.152855	1471.0
1606426434.2528546	1410.0
1606426434.3528547	1481.0
1606426434.4528546	1488.0
1606426434.5528545	1449.0
1606426434.6528547	1480.0
1606426434.7528546	1395.0
1606426434.8528545	1495.0
1606426434.9528544	1447.0
1606426435.0528543	1420.0
1606426435.1528544	1458.0
1606426435.2528543	1419.0
1606426435.3528545	1458.0
1606426435.4528544	1440.0
1606426435.552854	1475.0
1606426435.6528542	1419.0
1606426435.752854	1480.0
1606426435.852854	1419.0
1606426435.9528542	1456.0
1606426436.052854	1475.0
1606426436.152854	1439.0
1606426436.2528539	1454.0
1606426436.3528538	1439.0
1606426436.452854	1426.0
1606426436.5528538	1485.0
1606426436.652854	1470.0
1606426436.7528536	1471.0
1606426436.8528535	1406.0
1606426436.9528537	1460.0
1606426437.0528536	1432.0
1606426437.1528535	1401.0
1606426437.2528536	1444.0
1606426437.3528535	1444.0
1606426437.4528534	1427.0
1606426437.5528533	1415.0
1606426437.6528533	1431.0
1606426437.7528534	1460.0
1606426437.8528533	1487.0
1606426437.9528534	1448.0
1606426438.052853	1442.0
1606426438.152853	1442.0
1606426438.2528532	1432.0
1606426438.352853	1439.0
1606426438.4528532	1452.0
1606426438.552853	1455.0
1606426438.652853	1429.0
1606426438.752853	1462.0
1606426438.8528528	1447.0
1606426438.9528527	1468.0
1606426439.0528529	1463.0
1606426439.1528528	1458.0
1606426439.252853	1442.0
1606426439.3528526	1367.0
1606426439.4528525	1463.0
1606426439.5528526	1434.0
1606426439.6528525	1498.0
1606426439.7528527	1469.0
1606426439.8528526	1391.0
1606426439.9528522	1388.0
1606426440.0528524	1449.0
1606426440.1528523	1526.0
1606426440.2528524	1396.0
1606426440.3528523	1489.0
1606426440.4528522	1411.0
1606426440.5528524	1437.0
1606426440.652852	1432.0
1606426440.752852	1482.0
1606426440.852852	1460.0