# <?xml version="1.0" ?>
# <DataFileHeader>
#   <Variables>
#     <ColumnSpec>x, y</ColumnSpec>
#     <Element name="comment" type="str"></Element>
#     <Element name="counter" type="str">Plot</Element>
#     <Element name="name" type="str"></Element>
#     <Element name="traceCreation" type="datetime">2020-01-29 15:51:57.196520+00:00</Element>
#     <TracePlottingList>
#       <TracePlotting _bottomColumn="bottom" _filtColumn="None" _fitFunction="None" _heightColumn="height" _rawColumn="raw" _topColumn="top" _xColumn="x" _yColumn="y" fill="True" name="Counter 0" properties="&lt;trace.PlottedTrace.PlottedTraceProperties object at 0x0000024C9E9B3828&gt;" style="0" type="0" windowName="None" xAxisLabel="None" xAxisUnit="None" yAxisLabel="None">
#         <PlottedTraceProperties averageSameX="False" averageType="None" combinePoints="0"/>
#       </TracePlotting>
#     </TracePlottingList>
#   </Variables>
# </DataFileHeader>
1580313062.6615338	32.0
1580313062.7615337	27.0
1580313062.8615339	667.0
1580313062.9615338	24.0
1580313063.0615335	27.0
1580313063.1615336	29.0
1580313063.2615335	39.0
1580313063.3615336	25.0
1580313063.4615335	34.0
1580313063.5615335	35.0
1580313063.6615334	36.0
1580313063.7615333	37.0
1580313063.8615332	660.0
1580313063.9615333	30.0
1580313064.0615332	34.0
1580313064.1615334	27.0
1580313064.2615333	31.0
1580313064.361533	36.0
1580313064.461533	33.0
1580313064.561533	36.0
1580313064.661533	22.0
1580313064.761533	28.0
1580313064.861533	736.0
1580313064.9615328	42.0
1580313065.0615327	26.0
1580313065.1615329	26.0
1580313065.2615328	29.0
1580313065.3615327	28.0
1580313065.4615328	37.0
1580313065.5615327	26.0
1580313065.6615324	41.0
1580313065.7615325	26.0
1580313065.8615324	706.0
1580313065.9615326	20.0
1580313066.0615325	35.0
1580313066.1615324	23.0
1580313066.2615323	33.0
1580313066.3615322	34.0
1580313066.4615324	33.0
1580313066.5615323	32.0
1580313066.6615322	28.0
1580313066.7615323	35.0
1580313066.861532	647.0
1580313066.961532	40.0
1580313067.061532	38.0
1580313067.161532	38.0
1580313067.261532	38.0
1580313067.361532	33.0
1580313067.461532	25.0
1580313067.5615318	32.0
1580313067.6615317	32.0
1580313067.7615318	27.0
1580313067.8615317	728.0
1580313067.9615316	38.0
1580313068.0615318	35.0
1580313068.1615314	30.0
1580313068.2615316	25.0
1580313068.3615315	24.0
1580313068.4615314	32.0
1580313068.5615315	38.0
1580313068.6615314	24.0
1580313068.7615316	36.0
1580313068.8615313	643.0
1580313068.9615312	29.0
1580313069.0615313	32.0
1580313069.1615312	31.0
1580313069.2615314	33.0
1580313069.3615313	25.0
1580313069.461531	32.0
1580313069.561531	27.0
1580313069.661531	36.0
1580313069.7615309	33.0
1580313069.861531	673.0
1580313069.961531	30.0
1580313070.0615308	40.0
1580313070.1615307	36.0
1580313070.2615306	27.0
1580313070.3615308	36.0
1580313070.4615307	40.0
1580313070.5615308	27.0
1580313070.6615307	31.0
1580313070.7615304	34.0
1580313070.8615305	32.0
1580313070.9615304	28.0
1580313071.0615304	35.0
1580313071.1615305	34.0
1580313071.2615304	30.0
1580313071.3615303	33.0
1580313071.4615302	29.0
1580313071.56153	38.0
1580313071.6615303	34.0
1580313071.7615302	32.0
1580313071.8615303	23.0
1580313071.9615302	37.0
1580313072.0615299	32.0
1580313072.16153	31.0
1580313072.26153	35.0
1580313072.36153	23.0
1580313072.46153	36.0
1580313072.5615299	20.0
1580313072.6615298	25.0
1580313072.7615297	27.0
1580313072.8615296	28.0
1580313072.9615297	26.0
1580313073.0615296	26.0
1580313073.1615298	18.0
1580313073.2615294	24.0
1580313073.3615294	33.0
1580313073.4615295	24.0
1580313073.5615294	26.0
1580313073.6615295	31.0
1580313073.7615294	30.0
1580313073.8615294	21.0
1580313073.9615293	23.0
1580313074.0615292	28.0
1580313074.1615293	18.0
1580313074.2615292	22.0
1580313074.361529	18.0
1580313074.4615293	19.0
1580313074.561529	20.0
1580313074.6615288	24.0
1580313074.761529	19.0
1580313074.8615289	26.0
1580313074.961529	24.0
1580313075.061529	16.0
1580313075.1615288	31.0
1580313075.2615287	21.0
1580313075.3615286	21.0
1580313075.4615288	28.0
1580313075.5615287	24.0
1580313075.6615286	22.0
1580313075.7615287	22.0
1580313075.8615284	30.0
1580313075.9615283	21.0
1580313076.0615284	20.0
1580313076.1615283	17.0
1580313076.2615285	25.0
1580313076.3615284	21.0
1580313076.461528	23.0
1580313076.5615282	20.0
1580313076.661528	32.0
1580313076.7615283	32.0
1580313076.8615282	23.0
1580313076.961528	25.0
1580313077.0615282	21.0
1580313077.1615279	24.0
1580313077.261528	23.0
1580313077.361528	25.0
1580313077.4615278	22.0
1580313077.561528	22.0
1580313077.6615279	20.0
1580313077.7615275	24.0
1580313077.8615277	26.0
1580313077.9615276	20.0
1580313078.0615277	28.0
1580313078.1615276	35.0
1580313078.2615275	29.0
1580313078.3615277	32.0
1580313078.4615273	26.0
1580313078.5615275	22.0
1580313078.6615274	26.0
1580313078.7615273	22.0
1580313078.8615274	29.0
1580313078.9615273	18.0
1580313079.0615273	24.0
1580313079.1615272	24.0
1580313079.261527	15.0
1580313079.3615272	18.0
1580313079.461527	21.0
1580313079.5615273	20.0
1580313079.661527	27.0
1580313079.7615268	23.0
1580313079.861527	24.0
1580313079.9615269	23.0
1580313080.0615268	25.0
1580313080.161527	26.0
1580313080.2615268	21.0
1580313080.3615267	21.0
1580313080.4615266	40.0
1580313080.5615265	27.0
1580313080.6615267	19.0
1580313080.7615266	22.0
1580313080.8615267	19.0
1580313080.9615264	19.0
1580313081.0615263	27.0
1580313081.1615264	26.0
1580313081.2615263	22.0
1580313081.3615265	18.0
1580313081.4615264	14.0
1580313081.5615263	23.0
1580313081.6615262	29.0
1580313081.761526	13.0
1580313081.861526	18.0
1580313081.9615262	27.0
1580313082.061526	18.0
1580313082.1615262	27.0
1580313082.2615259	31.0
1580313082.3615258	26.0
1580313082.461526	10.0
1580313082.5615258	25.0
1580313082.661526	29.0
1580313082.7615259	22.0
1580313082.8615255	26.0
1580313082.9615257	30.0
1580313083.0615256	27.0
1580313083.1615255	9.0
1580313083.2615256	21.0
1580313083.3615255	28.0
1580313083.4615257	12.0
1580313083.5615253	27.0
1580313083.6615252	25.0
1580313083.7615254	27.0
1580313083.8615253	20.0
1580313083.9615254	23.0
1580313084.0615253	24.0
1580313084.161525	25.0
1580313084.2615252	21.0
1580313084.361525	18.0
1580313084.4615252	22.0
1580313084.561525	19.0
1580313084.661525	26.0
1580313084.7615252	18.0
1580313084.8615248	19.0
1580313084.9615247	21.0
1580313085.0615249	36.0
1580313085.1615248	16.0
1580313085.261525	35.0
1580313085.3615248	42.0
1580313085.4615245	24.0
1580313085.5615246	27.0
1580313085.6615245	23.0
1580313085.7615247	21.0
1580313085.8615246	20.0
1580313085.9615245	18.0
1580313086.0615244	22.0
1580313086.1615243	25.0
1580313086.2615244	26.0
1580313086.3615243	18.0
1580313086.4615242	26.0
1580313086.5615244	16.0
1580313086.6615243	22.0
1580313086.761524	22.0
1580313086.861524	18.0
1580313086.961524	15.0
1580313087.0615242	22.0
1580313087.161524	26.0
1580313087.261524	22.0
1580313087.3615239	19.0
1580313087.4615238	29.0
1580313087.561524	27.0
1580313087.6615238	26.0
1580313087.7615237	21.0
1580313087.8615239	23.0
1580313087.9615238	25.0
1580313088.0615234	17.0
1580313088.1615236	34.0
1580313088.2615235	22.0
1580313088.3615236	31.0
1580313088.4615235	27.0
1580313088.5615234	31.0
1580313088.6615233	25.0
1580313088.7615232	35.0
1580313088.8615234	28.0
1580313088.9615233	11.0
1580313089.0615232	26.0
1580313089.1615233	17.0
1580313089.261523	13.0
1580313089.3615232	24.0
1580313089.461523	32.0
1580313089.561523	28.0
1580313089.661523	36.0
1580313089.761523	48.0
1580313089.8615232	46.0
1580313089.9615228	27.0
1580313090.0615227	24.0
1580313090.1615229	32.0
1580313090.2615228	24.0
1580313090.3615227	38.0
1580313090.4615228	26.0
1580313090.5615225	27.0
1580313090.6615226	32.0
1580313090.7615225	34.0
1580313090.8615224	27.0
1580313090.9615226	30.0
1580313091.0615225	34.0
1580313091.1615226	31.0
1580313091.2615223	34.0
1580313091.3615222	42.0
1580313091.4615223	35.0
1580313091.5615222	30.0
1580313091.6615224	29.0
1580313091.7615223	26.0
1580313091.861522	22.0
1580313091.961522	21.0
1580313092.061522	25.0
1580313092.161522	25.0
1580313092.261522	26.0
1580313092.361522	23.0
1580313092.4615219	14.0
1580313092.5615218	18.0
1580313092.6615217	20.0
1580313092.7615218	29.0
1580313092.8615217	24.0
1580313092.9615219	18.0
1580313093.0615218	23.0
1580313093.1615214	29.0
1580313093.2615216	23.0
1580313093.3615215	27.0
1580313093.4615216	16.0
1580313093.5615215	19.0
1580313093.6615214	25.0
1580313093.7615213	34.0
1580313093.8615212	19.0
1580313093.9615211	26.0
1580313094.0615213	27.0
1580313094.1615212	29.0
1580313094.2615213	24.0
1580313094.3615212	26.0
1580313094.461521	28.0
1580313094.561521	31.0
1580313094.661521	39.0
1580313094.761521	31.0
1580313094.861521	24.0
1580313094.961521	35.0
1580313095.0615208	35.0
1580313095.1615207	30.0
1580313095.2615206	39.0
1580313095.3615208	39.0
1580313095.4615207	47.0
1580313095.5615208	37.0
1580313095.6615205	55.0
1580313095.7615204	34.0
1580313095.8615205	42.0
1580313095.9615204	31.0
1580313096.0615206	42.0
1580313096.1615205	41.0
1580313096.2615204	29.0
1580313096.3615203	32.0
1580313096.4615202	23.0
1580313096.5615203	36.0
1580313096.6615202	43.0
1580313096.7615201	27.0
1580313096.8615203	39.0
1580313096.96152	24.0
1580313097.0615199	28.0
1580313097.16152	36.0
1580313097.26152	37.0
1580313097.36152	29.0
1580313097.46152	40.0
1580313097.5615199	38.0
1580313097.6615198	34.0
1580313097.7615197	40.0
1580313097.8615198	31.0
1580313097.9615197	40.0
1580313098.0615196	42.0
1580313098.1615198	36.0
1580313098.2615194	23.0
1580313098.3615196	28.0
1580313098.4615195	35.0
1580313098.5615194	38.0
1580313098.6615195	29.0
1580313098.7615194	30.0
1580313098.861519	37.0
1580313098.9615192	35.0
1580313099.0615191	35.0
1580313099.1615193	24.0
1580313099.2615192	37.0
1580313099.361519	40.0
1580313099.4615192	32.0
1580313099.561519	33.0
1580313099.661519	32.0
1580313099.761519	27.0
1580313099.8615189	41.0
1580313099.961519	31.0
1580313100.061519	39.0
1580313100.1615186	38.0
1580313100.2615187	36.0
1580313100.3615186	38.0
1580313100.4615188	24.0
1580313100.5615187	27.0
1580313100.6615186	33.0
1580313100.7615187	27.0
1580313100.8615184	17.0
1580313100.9615185	36.0
1580313101.0615184	38.0
1580313101.1615183	31.0
1580313101.2615185	32.0
1580313101.3615184	33.0
1580313101.4615183	30.0
1580313101.5615182	43.0
1580313101.661518	38.0
1580313101.7615182	31.0
1580313101.8615181	37.0
1580313101.9615183	34.0
1580313102.061518	36.0
1580313102.1615179	47.0
1580313102.261518	35.0
1580313102.361518	38.0
1580313102.4615178	43.0
1580313102.561518	38.0
1580313102.6615179	33.0
1580313102.7615178	37.0
1580313102.8615177	43.0
1580313102.9615176	29.0
1580313103.0615177	28.0
1580313103.1615176	34.0
1580313103.2615178	33.0
1580313103.3615174	41.0
1580313103.4615173	49.0
1580313103.5615175	33.0
1580313103.6615174	37.0
1580313103.7615175	41.0
1580313103.8615174	37.0
1580313103.9615173	33.0
1580313104.0615172	30.0
1580313104.1615171	35.0
1580313104.261517	34.0
1580313104.3615172	41.0
1580313104.461517	33.0
1580313104.5615172	36.0
1580313104.661517	45.0
1580313104.7615168	39.0
1580313104.861517	23.0
1580313104.9615169	36.0
1580313105.061517	39.0
1580313105.161517	41.0
1580313105.2615166	32.0
1580313105.3615167	38.0
1580313105.4615166	50.0
1580313105.5615165	45.0
1580313105.6615167	34.0
1580313105.7615166	31.0
1580313105.8615167	34.0
1580313105.9615164	30.0
1580313106.0615163	37.0
1580313106.1615164	45.0
1580313106.2615163	53.0
1580313106.3615165	31.0
1580313106.4615164	34.0
1580313106.561516	31.0
1580313106.6615162	51.0
1580313106.761516	33.0
1580313106.8615162	49.0
1580313106.9615161	40.0
1580313107.061516	32.0
1580313107.1615162	29.0
1580313107.2615159	48.0
1580313107.3615158	34.0
1580313107.461516	29.0
1580313107.5615158	29.0
1580313107.661516	31.0
1580313107.7615159	37.0
1580313107.8615155	35.0
1580313107.9615157	27.0
1580313108.0615156	30.0
1580313108.1615157	35.0
1580313108.2615156	33.0
1580313108.3615155	30.0
1580313108.4615154	29.0
1580313108.5615153	37.0
1580313108.6615155	27.0
1580313108.7615154	49.0
1580313108.8615153	41.0
1580313108.9615154	34.0
1580313109.0615153	29.0
1580313109.161515	53.0
1580313109.2615151	38.0
1580313109.361515	38.0
1580313109.4615152	66.0
1580313109.561515	31.0
1580313109.661515	40.0
1580313109.761515	37.0
1580313109.8615148	31.0
1580313109.961515	29.0
1580313110.0615149	39.0
1580313110.1615148	18.0
1580313110.261515	36.0
1580313110.3615148	34.0
1580313110.4615147	33.0
1580313110.5615146	36.0
1580313110.6615145	17.0
1580313110.7615147	30.0
1580313110.8615146	44.0
1580313110.9615147	31.0
1580313111.0615144	40.0
1580313111.1615143	27.0
1580313111.2615144	28.0
1580313111.3615143	35.0
1580313111.4615142	21.0
1580313111.5615144	28.0
1580313111.661514	20.0
1580313111.7615142	36.0
1580313111.861514	36.0
1580313111.961514	30.0
1580313112.0615141	25.0
1580313112.161514	18.0
1580313112.2615142	35.0
1580313112.3615139	24.0
1580313112.4615138	31.0
1580313112.561514	25.0