[{"0": [1051, 47, 40, 39, 37, 55, 50, 44, 38, 36, 53, 43, 59, 39, 53, 37, 41, 55, 51, 46, 47, 42, 52, 43, 67, 55, 42, 51, 66, 58]}, null, null, 27600, false, [], false, 0, [], null, 0, 1602008424.1621666, 0, {}]
[{"0": [54, 48, 58, 46, 42, 62, 55, 71, 57, 65, 46, 61, 51, 66, 49, 55, 117, 75, 34, 47, 46, 50, 50, 48, 43, 48, 43, 39, 56, 48]}, null, null, 27800, false, [], false, 0, [], null, 0, 1602008511.2683156, 0, {}]
[{"0": [58, 56, 60, 44, 44, 55, 67, 79, 59, 52, 31, 44, 55, 40, 50, 46, 36, 65, 54, 44, 57, 58, 46, 50, 46, 58, 43, 50, 57, 53]}, null, null, 28000, false, [], false, 0, [], null, 0, 1602008566.3859062, 0, {}]
[{"0": [54, 51, 49, 61, 67, 51, 58, 46, 59, 50, 54, 86, 52, 56, 67, 57, 53, 60, 58, 60, 76, 53, 53, 60, 49, 58, 50, 55, 52, 78]}, null, null, 28200, false, [], false, 0, [], null, 0, 1602008626.139818, 0, {}]
[{"0": [55, 70, 45, 48, 28, 52, 57, 63, 50, 46, 59, 58, 59, 47, 47, 55, 63, 59, 55, 58, 59, 47, 71, 50, 52, 51, 52, 67, 61, 63]}, null, null, 28400, false, [], false, 0, [], null, 0, 1602008701.7489846, 0, {}]
[{"0": [61, 57, 58, 46, 60, 63, 56, 51, 41, 47, 47, 54, 57, 64, 65, 57, 60, 75, 63, 66, 53, 66, 46, 53, 132, 418, 51, 68, 53, 56]}, null, null, 28600, false, [], false, 0, [], null, 0, 1602008750.2866967, 0, {}]
[{"0": [52, 48, 49, 62, 59, 47, 67, 62, 54, 51, 56, 66, 55, 60, 56, 55, 48, 56, 37, 54, 54, 55, 62, 70, 55, 47, 61, 62, 62, 42]}, null, null, 28800, false, [], false, 0, [], null, 0, 1602008829.8361447, 0, {}]
[{"0": [57, 54, 66, 57, 48, 49, 37, 65, 57, 47, 74, 58, 50, 82, 47, 48, 56, 65, 54, 50, 60, 43, 57, 54, 44, 57, 52, 66, 68, 61]}, null, null, 29000, false, [], false, 0, [], null, 0, 1602008884.1784391, 0, {}]
[{"0": [66, 81, 43, 57, 61, 56, 56, 67, 46, 46, 64, 70, 66, 56, 62, 48, 127, 48, 81, 64, 53, 37, 54, 57, 61, 59, 59, 83, 48, 42]}, null, null, 29200, false, [], false, 0, [], null, 0, 1602008936.4700685, 0, {}]
[{"0": [50, 54, 58, 43, 76, 70, 59, 53, 54, 53, 70, 47, 50, 47, 52, 47, 76, 47, 132, 49, 54, 41, 54, 68, 65, 59, 55, 55, 63, 55]}, null, null, 29400, false, [], false, 0, [], null, 0, 1602009030.0106153, 0, {}]
[{"0": [67, 54, 59, 73, 69, 65, 1193, 69, 63, 136, 57, 42, 72, 68, 69, 54, 67, 45, 61, 53, 65, 83, 67, 62, 53, 55, 47, 53, 44, 50]}, null, null, 29600, false, [], false, 0, [], null, 0, 1602009133.569163, 0, {}]
[{"0": [66, 49, 77, 48, 67, 58, 55, 58, 59, 576, 76, 67, 62, 50, 45, 51, 57, 65, 52, 54, 57, 54, 34, 51, 64, 56, 52, 52, 56, 79]}, null, null, 29800, false, [], false, 0, [], null, 0, 1602009210.1178646, 0, {}]
[{"0": [53, 56, 59, 94, 72, 42, 72, 54, 63, 59, 48, 56, 49, 59, 69, 70, 63, 57, 55, 57, 62, 57, 47, 59, 52, 72, 61, 57, 148, 110]}, null, null, 30000, false, [], false, 0, [], null, 0, 1602009258.396131, 0, {}]
[{"0": [53, 63, 59, 159, 78, 78, 59, 59, 46, 53, 61, 54, 58, 56, 49, 55, 68, 65, 64, 59, 58, 61, 56, 81, 57, 59, 32, 66, 50, 44]}, null, null, 30200, false, [], false, 0, [], null, 0, 1602009342.2215226, 0, {}]
[{"0": [76, 62, 67, 48, 44, 46, 54, 48, 67, 63, 57, 56, 55, 64, 60, 50, 41, 57, 71, 71, 67, 72, 59, 46, 44, 64, 56, 660, 69, 49]}, null, null, 30400, false, [], false, 0, [], null, 0, 1602009406.4217541, 0, {}]
[{"0": [52, 56, 62, 61, 70, 55, 55, 56, 45, 62, 64, 41, 47, 62, 46, 63, 47, 55, 676, 56, 64, 51, 51, 70, 59, 56, 55, 41, 66, 56]}, null, null, 30600, false, [], false, 0, [], null, 0, 1602009451.2226272, 0, {}]
[{"0": [60, 51, 59, 58, 44, 58, 55, 81, 67, 53, 47, 71, 59, 58, 63, 64, 64, 65, 171, 54, 54, 112, 57, 53, 47, 49, 66, 57, 56, 59]}, null, null, 30800, false, [], false, 0, [], null, 0, 1602009533.3003047, 0, {}]
[{"0": [55, 52, 51, 68, 52, 61, 74, 63, 70, 54, 58, 80, 53, 53, 51, 52, 49, 53, 65, 59, 52, 56, 56, 67, 44, 64, 60, 61, 55, 55]}, null, null, 31000, false, [], false, 0, [], null, 0, 1602009607.1205401, 0, {}]
[{"0": [57, 68, 58, 55, 52, 61, 60, 47, 64, 752, 61, 52, 67, 49, 46, 52, 43, 51, 53, 47, 45, 62, 47, 57, 44, 54, 64, 50, 51, 63]}, null, null, 31200, false, [], false, 0, [], null, 0, 1602009656.1081753, 0, {}]
[{"0": [66, 50, 71, 53, 49, 61, 81, 67, 57, 42, 60, 53, 54, 48, 47, 67, 59, 58, 59, 58, 44, 49, 72, 40, 64, 63, 63, 60, 58, 66]}, null, null, 31400, false, [], false, 0, [], null, 0, 1602009735.856597, 0, {}]
[{"0": [53, 51, 52, 53, 55, 45, 47, 59, 54, 57, 52, 44, 63, 68, 63, 54, 50, 55, 46, 47, 65, 57, 52, 44, 61, 54, 53, 67, 58, 47]}, null, null, 31600, false, [], false, 0, [], null, 0, 1602009790.8831856, 0, {}]
[{"0": [61, 54, 59, 40, 49, 54, 66, 43, 65, 53, 50, 57, 59, 65, 53, 56, 43, 53, 44, 57, 63, 59, 58, 62, 55, 53, 47, 67, 47, 60]}, null, null, 31800, false, [], false, 0, [], null, 0, 1602009864.9681394, 0, {}]
[{"0": [59, 805, 68, 50, 39, 62, 64, 47, 48, 52, 55, 60, 38, 68, 55, 52, 59, 78, 47, 44, 53, 56, 49, 61, 59, 49, 63, 54, 58, 51]}, null, null, 32000, false, [], false, 0, [], null, 0, 1602009920.9658933, 0, {}]
[{"0": [44, 53, 65, 55, 45, 46, 65, 66, 68, 61, 42, 54, 61, 60, 77, 60, 65, 262, 65, 65, 69, 58, 57, 57, 60, 54, 68, 51, 45, 64]}, null, null, 32200, false, [], false, 0, [], null, 0, 1602009998.2746363, 0, {}]
[{"0": [51, 47, 60, 70, 54, 60, 58, 56, 44, 65, 59, 56, 57, 67, 53, 104, 82, 50, 59, 49, 57, 61, 74, 66, 60, 61, 54, 107, 70, 64]}, null, null, 32400, false, [], false, 0, [], null, 0, 1602010050.784998, 0, {}]
[{"0": [67, 59, 73, 38, 51, 43, 56, 55, 61, 51, 64, 74, 85, 64, 81, 44, 68, 68, 61, 63, 62, 59, 49, 96, 58, 41, 56, 49, 52, 42]}, null, null, 32600, false, [], false, 0, [], null, 0, 1602010128.2272441, 0, {}]
[{"0": [53, 51, 52, 65, 61, 47, 49, 50, 126, 1235, 572, 61, 37, 61, 724, 100, 57, 59, 54, 53, 61, 62, 51, 56, 52, 59, 49, 819, 57, 52]}, null, null, 32800, false, [], false, 0, [], null, 0, 1602010184.529256, 0, {}]
[{"0": [47, 124, 201, 102, 81, 815, 2605, 57, 81, 50, 67, 81, 99, 54, 40, 42, 56, 72, 71, 50, 47, 53, 39, 64, 56, 76, 63, 116, 65, 57]}, null, null, 33000, false, [], false, 0, [], null, 0, 1602010260.1191328, 0, {}]
[{"0": [85, 235, 48, 1090, 51, 48, 58, 57, 335, 67, 59, 42, 62, 647, 61, 52, 54, 55, 61, 62, 62, 54, 61, 65, 895, 52, 61, 916, 935, 3601]}, null, null, 33200, false, [], false, 0, [], null, 0, 1602010363.579167, 0, {}]
[{"0": [66, 47, 66, 58, 76, 819, 48, 60, 49, 71, 83, 74, 56, 71, 44, 42, 46, 61, 58, 72, 75, 199, 1327, 71, 1417, 2708, 85, 60, 66, 53]}, null, null, 33400, false, [], false, 0, [], null, 0, 1602010458.4370165, 0, {}]
[{"0": [52, 1766, 59, 49, 51, 62, 99, 57, 85, 62, 43, 52, 59, 57, 62, 53, 64, 77, 60, 711, 947, 815, 238, 52, 55, 48, 77, 790, 1107, 53]}, null, null, 33600, false, [], false, 0, [], null, 0, 1602010510.1716316, 0, {}]
[{"0": [61, 50, 104, 98, 73, 43, 53, 63, 49, 58, 74, 63, 52, 877, 61, 568, 835, 2803, 103, 60, 62, 59, 69, 48, 1108, 45, 57, 59, 52, 79]}, null, null, 33800, false, [], false, 0, [], null, 0, 1602010575.2401068, 0, {}]
[{"0": [123, 47, 53, 45, 60, 48, 60, 55, 49, 107, 59, 121, 61, 2007, 1729, 81, 61, 87, 77, 70, 121, 80, 51, 52, 35, 94, 62, 74, 52, 45]}, null, null, 34000, false, [], false, 0, [], null, 0, 1602010658.9506876, 0, {}]
[{"0": [64, 65, 58, 77, 56, 49, 57, 76, 457, 356, 1484, 68, 96, 114, 71, 69, 182, 1604, 54, 54, 64, 41, 92, 72, 60, 57, 53, 68, 42, 56]}, null, null, 34200, false, [], false, 0, [], null, 0, 1602010707.0572636, 0, {}]
[{"0": [107, 65, 50, 93, 59, 609, 783, 109, 94, 85, 69, 78, 78, 61, 726, 55, 60, 47, 56, 84, 61, 88, 37, 54, 46, 61, 50, 54, 56, 70]}, null, null, 34400, false, [], false, 0, [], null, 0, 1602010783.4303215, 0, {}]
[{"0": [79, 77, 56, 59, 68, 836, 77, 77, 79, 63, 56, 71, 155, 48, 58, 60, 66, 70, 61, 46, 48, 48, 60, 79, 76, 59, 47, 1003, 77, 57]}, null, null, 34600, false, [], false, 0, [], null, 0, 1602010856.9632592, 0, {}]
[{"0": [733, 619, 59, 101, 54, 64, 64, 88, 58, 53, 58, 41, 52, 71, 76, 60, 56, 55, 51, 52, 89, 49, 48, 406, 81, 47, 47, 80, 219, 147]}, null, null, 34800, false, [], false, 0, [], null, 0, 1602010906.0066788, 0, {}]
[{"0": [72, 96, 72, 166, 70, 74, 52, 60, 66, 85, 56, 60, 58, 45, 57, 58, 44, 85, 54, 60, 814, 77, 46, 64, 61, 62, 89, 63, 40, 78]}, null, null, 35000, false, [], false, 0, [], null, 0, 1602010991.3835402, 0, {}]
[{"0": [77, 193, 116, 51, 55, 43, 321, 87, 61, 32, 53, 64, 51, 93, 84, 47, 50, 85, 83, 88, 90, 192, 73, 83, 42, 56, 74, 150, 67, 65]}, null, null, 35200, false, [], false, 0, [], null, 0, 1602011052.927924, 0, {}]
[{"0": [56, 39, 75, 80, 77, 61, 46, 54, 39, 46, 79, 55, 51, 83, 97, 63, 59, 151, 45, 224, 51, 68, 73, 59, 69, 63, 53, 52, 56, 94]}, null, null, 35400, false, [], false, 0, [], null, 0, 1602011107.5092096, 0, {}]
[{"0": [64, 82, 39, 60, 64, 43, 62, 57, 44, 52, 51, 56, 100, 71, 84, 74, 57, 68, 67, 63, 71, 71, 92, 53, 55, 62, 60, 176, 47, 64]}, null, null, 35600, false, [], false, 0, [], null, 0, 1602011195.6172292, 0, {}]
[{"0": [61, 65, 63, 57, 51, 55, 76, 61, 69, 70, 94, 65, 62, 54, 70, 51, 63, 82, 42, 54, 55, 58, 57, 167, 52, 63, 44, 45, 57, 43]}, null, null, 35800, false, [], false, 0, [], null, 0, 1602011247.924962, 0, {}]
[{"0": [740, 60, 50, 57, 51, 79, 79, 58, 89, 67, 61, 45, 60, 63, 65, 65, 52, 55, 57, 54, 77, 51, 57, 48, 56, 69, 63, 79, 56, 74]}, null, null, 36000, true, [], false, 0, [], null, 0, 1602011311.881134, 0, {}]
