[{"0": [63, 79, 57, 57, 70, 54, 78, 53, 61, 46, 54, 67, 41, 61, 63, 48, 56, 56, 62, 58, 41, 45, 58, 58, 52, 62, 47, 57, 52, 72]}, null, null, 27600, false, [], false, 0, [], null, 0, 1602011397.6086216, 0, {}]
[{"0": [48, 64, 40, 59, 58, 50, 54, 56, 54, 55, 51, 41, 50, 51, 46, 64, 47, 53, 53, 58, 77, 45, 61, 45, 43, 34, 46, 51, 50, 43]}, null, null, 27800, false, [], false, 0, [], null, 0, 1602011445.8559563, 0, {}]
[{"0": [35, 55, 62, 64, 55, 47, 43, 68, 51, 48, 63, 43, 58, 53, 71, 56, 49, 62, 62, 68, 55, 58, 57, 62, 53, 49, 60, 57, 51, 40]}, null, null, 28000, false, [], false, 0, [], null, 0, 1602011520.749944, 0, {}]
[{"0": [74, 56, 61, 72, 55, 61, 41, 46, 51, 57, 49, 56, 57, 69, 53, 61, 73, 54, 79, 60, 56, 70, 57, 66, 45, 62, 62, 66, 40, 48]}, null, null, 28200, false, [], false, 0, [], null, 0, 1602011581.6793602, 0, {}]
[{"0": [48, 57, 54, 44, 68, 60, 45, 47, 58, 52, 58, 54, 66, 56, 57, 55, 61, 55, 47, 64, 58, 67, 66, 54, 47, 50, 55, 48, 59, 52]}, null, null, 28400, false, [], false, 0, [], null, 0, 1602011628.472, 0, {}]
[{"0": [50, 49, 44, 54, 59, 67, 52, 59, 54, 49, 62, 44, 110, 126, 64, 70, 51, 60, 55, 43, 64, 53, 71, 56, 53, 47, 64, 70, 64, 56]}, null, null, 28600, false, [], false, 0, [], null, 0, 1602011715.2586348, 0, {}]
[{"0": [61, 64, 69, 51, 41, 52, 67, 37, 48, 73, 48, 37, 45, 52, 61, 52, 69, 53, 56, 56, 57, 53, 43, 63, 46, 56, 60, 62, 63, 50]}, null, null, 28800, false, [], false, 0, [], null, 0, 1602011818.5864549, 0, {}]
[{"0": [52, 68, 55, 54, 58, 61, 57, 65, 487, 42, 52, 54, 72, 55, 60, 60, 51, 57, 45, 54, 53, 60, 66, 48, 44, 52, 57, 55, 46, 58]}, null, null, 29000, false, [], false, 0, [], null, 0, 1602011903.7295403, 0, {}]
[{"0": [54, 75, 51, 48, 64, 44, 58, 50, 55, 60, 53, 83, 51, 66, 46, 51, 77, 55, 48, 52, 55, 42, 70, 64, 51, 53, 68, 45, 64, 49]}, null, null, 29200, false, [], false, 0, [], null, 0, 1602011948.428696, 0, {}]
[{"0": [64, 67, 395, 54, 44, 53, 66, 72, 61, 63, 140, 64, 42, 59, 83, 67, 52, 46, 49, 55, 52, 71, 42, 45, 57, 53, 70, 43, 60, 59]}, null, null, 29400, false, [], false, 0, [], null, 0, 1602012011.1082578, 0, {}]
[{"0": [50, 43, 51, 44, 45, 56, 55, 76, 63, 39, 57, 54, 141, 59, 47, 60, 45, 58, 60, 58, 50, 52, 46, 48, 73, 58, 72, 46, 57, 610]}, null, null, 29600, false, [], false, 0, [], null, 0, 1602012095.3976848, 0, {}]
[{"0": [62, 56, 68, 63, 65, 46, 52, 79, 47, 41, 51, 47, 60, 51, 48, 51, 46, 59, 68, 68, 92, 60, 57, 143, 45, 67, 122, 50, 50, 66]}, null, null, 29800, false, [], false, 0, [], null, 0, 1602012143.587128, 0, {}]
[{"0": [48, 60, 48, 51, 55, 52, 51, 51, 48, 55, 56, 47, 43, 47, 57, 43, 48, 67, 73, 49, 675, 73, 58, 53, 64, 49, 89, 48, 54, 51]}, null, null, 30000, false, [], false, 0, [], null, 0, 1602012217.49314, 0, {}]
[{"0": [58, 66, 50, 61, 55, 60, 55, 49, 53, 51, 81, 60, 45, 60, 60, 42, 67, 54, 48, 66, 65, 47, 52, 51, 58, 38, 43, 48, 50, 47]}, null, null, 30200, false, [], false, 0, [], null, 0, 1602012293.2696323, 0, {}]
[{"0": [48, 63, 50, 40, 53, 51, 46, 55, 65, 48, 60, 63, 59, 730, 48, 61, 43, 55, 93, 156, 48, 68, 47, 47, 61, 51, 45, 38, 55, 55]}, null, null, 30400, false, [], false, 0, [], null, 0, 1602012341.6404188, 0, {}]
[{"0": [38, 46, 49, 49, 41, 39, 41, 48, 70, 56, 64, 54, 75, 65, 40, 65, 51, 50, 54, 57, 41, 50, 58, 60, 51, 58, 54, 31, 54, 48]}, null, null, 30600, false, [], false, 0, [], null, 0, 1602012425.7927313, 0, {}]
[{"0": [40, 49, 51, 58, 61, 47, 60, 47, 54, 46, 49, 65, 102, 49, 46, 48, 70, 74, 49, 59, 49, 58, 41, 54, 48, 38, 47, 54, 61, 46]}, null, null, 30800, false, [], false, 0, [], null, 0, 1602012489.6933477, 0, {}]
[{"0": [49, 99, 37, 60, 53, 50, 55, 64, 45, 47, 66, 50, 53, 42, 50, 41, 40, 50, 62, 53, 62, 45, 51, 56, 54, 56, 46, 58, 50, 55]}, null, null, 31000, false, [], false, 0, [], null, 0, 1602012534.4715273, 0, {}]
[{"0": [40, 53, 46, 49, 49, 61, 56, 60, 62, 56, 76, 76, 49, 51, 57, 42, 47, 56, 56, 51, 46, 46, 49, 45, 39, 158, 770, 96, 45, 42]}, null, null, 31200, false, [], false, 0, [], null, 0, 1602012616.1004531, 0, {}]
[{"0": [57, 55, 43, 45, 61, 56, 54, 50, 41, 37, 61, 56, 50, 54, 58, 53, 54, 45, 55, 56, 39, 58, 42, 51, 58, 45, 54, 47, 39, 57]}, null, null, 31400, false, [], false, 0, [], null, 0, 1602012682.0031965, 0, {}]
[{"0": [731, 45, 60, 47, 45, 57, 42, 62, 47, 57, 46, 49, 43, 59, 41, 71, 48, 52, 49, 49, 36, 49, 45, 47, 43, 52, 52, 82, 78, 46]}, null, null, 31600, false, [], false, 0, [], null, 0, 1602012733.447679, 0, {}]
[{"0": [54, 41, 44, 56, 61, 55, 55, 46, 47, 46, 45, 55, 54, 46, 69, 52, 65, 50, 50, 46, 62, 52, 50, 52, 59, 57, 51, 44, 53, 44]}, null, null, 31800, false, [], false, 0, [], null, 0, 1602012821.129638, 0, {}]
[{"0": [36, 55, 62, 43, 46, 50, 62, 53, 52, 60, 58, 57, 49, 59, 67, 70, 50, 52, 49, 50, 48, 50, 57, 47, 51, 57, 44, 47, 65, 51]}, null, null, 32000, false, [], false, 0, [], null, 0, 1602012922.868255, 0, {}]
[{"0": [55, 41, 50, 41, 53, 51, 58, 54, 48, 42, 67, 54, 60, 65, 61, 47, 43, 53, 50, 46, 52, 49, 53, 67, 55, 46, 64, 63, 60, 45]}, null, null, 32200, false, [], false, 0, [], null, 0, 1602013013.3093908, 0, {}]
[{"0": [60, 64, 50, 61, 48, 70, 78, 71, 63, 71, 57, 54, 41, 59, 62, 44, 46, 44, 53, 45, 52, 47, 55, 43, 42, 44, 65, 52, 56, 45]}, null, null, 32400, false, [], false, 0, [], null, 0, 1602013062.7235518, 0, {}]
[{"0": [63, 39, 42, 90, 1201, 56, 51, 69, 45, 53, 56, 47, 60, 56, 54, 43, 55, 54, 48, 50, 51, 40, 48, 65, 50, 45, 49, 56, 65, 62]}, null, null, 32600, false, [], false, 0, [], null, 0, 1602013132.9197297, 0, {}]
[{"0": [1765, 53, 38, 52, 51, 60, 43, 61, 61, 55, 57, 61, 60, 54, 49, 48, 49, 46, 39, 57, 59, 46, 46, 565, 57, 55, 101, 154, 1173, 55]}, null, null, 32800, false, [], false, 0, [], null, 0, 1602013199.2941308, 0, {}]
[{"0": [49, 46, 56, 80, 61, 54, 42, 51, 53, 60, 62, 57, 52, 51, 44, 53, 48, 68, 75, 51, 52, 65, 46, 385, 110, 2368, 72, 55, 61, 58]}, null, null, 33000, false, [], false, 0, [], null, 0, 1602013263.2556674, 0, {}]
[{"0": [54, 166, 44, 47, 47, 44, 83, 77, 47, 60, 41, 59, 39, 45, 47, 62, 55, 52, 59, 53, 1037, 111, 1246, 53, 47, 56, 60, 2734, 75, 54]}, null, null, 33200, false, [], false, 0, [], null, 0, 1602013339.0936937, 0, {}]
[{"0": [43, 50, 140, 67, 53, 55, 51, 48, 52, 47, 66, 56, 44, 54, 72, 61, 541, 257, 70, 74, 49, 56, 82, 49, 1273, 57, 52, 38, 60, 53]}, null, null, 33400, false, [], false, 0, [], null, 0, 1602013398.3506832, 0, {}]
[{"0": [47, 43, 56, 50, 58, 55, 72, 54, 44, 1097, 406, 69, 135, 2008, 1457, 1788, 52, 97, 74, 39, 2860, 104, 55, 33, 40, 62, 84, 65, 55, 51]}, null, null, 33600, false, [], false, 0, [], null, 0, 1602013470.254739, 0, {}]
[{"0": [43, 53, 65, 52, 59, 65, 826, 49, 101, 776, 1042, 72, 75, 73, 45, 70, 49, 3535, 59, 60, 32, 55, 95, 98, 55, 66, 42, 51, 45, 80]}, null, null, 33800, false, [], false, 0, [], null, 0, 1602013535.0597878, 0, {}]
[{"0": [53, 44, 65, 654, 64, 91, 1443, 1353, 639, 96, 32, 81, 73, 791, 1926, 47, 49, 61, 59, 57, 43, 57, 53, 55, 55, 60, 50, 58, 57, 69]}, null, null, 34000, false, [], false, 0, [], null, 0, 1602013605.7149959, 0, {}]
[{"0": [260, 56, 620, 571, 1048, 349, 64, 60, 61, 57, 1414, 150, 56, 47, 50, 56, 47, 58, 56, 52, 44, 45, 47, 70, 47, 66, 852, 60, 196, 904]}, null, null, 34200, false, [], false, 0, [], null, 0, 1602013665.033223, 0, {}]
[{"0": [796, 99, 178, 54, 60, 61, 67, 85, 64, 44, 50, 46, 48, 71, 61, 35, 50, 39, 47, 58, 58, 51, 95, 70, 45, 55, 1667, 265, 71, 64]}, null, null, 34400, false, [], false, 0, [], null, 0, 1602013743.1686285, 0, {}]
[{"0": [54, 60, 117, 91, 49, 48, 38, 44, 53, 73, 51, 38, 58, 58, 37, 56, 69, 56, 44, 226, 64, 173, 38, 82, 1954, 190, 50, 59, 54, 58]}, null, null, 34600, false, [], false, 0, [], null, 0, 1602013792.5745246, 0, {}]
[{"0": [167, 120, 47, 39, 48, 67, 76, 55, 40, 47, 44, 44, 34, 47, 97, 41, 127, 47, 51, 805, 77, 58, 142, 55, 82, 42, 54, 73, 693, 88]}, null, null, 34800, false, [], false, 0, [], null, 0, 1602013875.7964265, 0, {}]
[{"0": [56, 45, 53, 56, 58, 51, 57, 42, 53, 49, 44, 62, 39, 45, 56, 53, 58, 53, 60, 69, 55, 58, 50, 71, 62, 60, 88, 38, 42, 42]}, null, null, 35000, false, [], false, 0, [], null, 0, 1602013943.7592592, 0, {}]
[{"0": [51, 59, 62, 44, 56, 48, 31, 41, 46, 43, 53, 77, 50, 44, 90, 44, 59, 72, 50, 47, 41, 175, 999, 69, 40, 62, 56, 52, 52, 61]}, null, null, 35200, false, [], false, 0, [], null, 0, 1602013994.5742548, 0, {}]
[{"0": [55, 50, 46, 43, 172, 46, 49, 251, 52, 42, 49, 58, 66, 69, 64, 48, 67, 74, 70, 88, 38, 44, 51, 40, 52, 65, 54, 36, 48, 45]}, null, null, 35400, false, [], false, 0, [], null, 0, 1602014081.8598251, 0, {}]
[{"0": [44, 42, 41, 45, 859, 51, 60, 58, 51, 58, 132, 54, 88, 50, 69, 71, 37, 43, 39, 54, 46, 67, 56, 43, 40, 54, 41, 48, 47, 55]}, null, null, 35600, false, [], false, 0, [], null, 0, 1602014138.8080144, 0, {}]
[{"0": [72, 40, 62, 64, 49, 164, 797, 49, 49, 67, 154, 233, 939, 53, 29, 47, 39, 54, 51, 52, 44, 51, 42, 40, 50, 48, 53, 56, 46, 40]}, null, null, 35800, false, [], false, 0, [], null, 0, 1602014197.2317967, 0, {}]
[{"0": [45, 167, 161, 54, 50, 108, 60, 49, 58, 71, 44, 45, 41, 54, 49, 51, 84, 56, 48, 51, 50, 63, 39, 34, 70, 43, 57, 51, 82, 47]}, null, null, 36000, true, [], false, 0, [], null, 0, 1602014284.3300352, 0, {}]
