# <?xml version="1.0" ?>
# <DataFileHeader>
#   <Variables>
#     <ColumnSpec>x, y</ColumnSpec>
#     <Element name="comment" type="str"></Element>
#     <Element name="counter" type="str">Plot</Element>
#     <Element name="name" type="str"></Element>
#     <Element name="traceCreation" type="datetime">2020-02-07 20:05:01.951550+00:00</Element>
#     <TracePlottingList>
#       <TracePlotting _bottomColumn="bottom" _filtColumn="None" _fitFunction="None" _heightColumn="height" _rawColumn="raw" _topColumn="top" _xColumn="x" _yColumn="y" fill="True" name="Counter 0" properties="&lt;trace.PlottedTrace.PlottedTraceProperties object at 0x000001EB551BC898&gt;" style="0" type="0" windowName="None" xAxisLabel="None" xAxisUnit="None" yAxisLabel="None">
#         <PlottedTraceProperties averageSameX="False" averageType="None" combinePoints="0"/>
#       </TracePlotting>
#     </TracePlottingList>
#   </Variables>
# </DataFileHeader>
1581105630.1349728	109.0
1581105630.2349727	123.0
1581105630.3349729	113.0
1581105630.4349725	129.0
1581105630.5349724	116.0
1581105630.6349726	118.0
1581105630.7349725	99.0
1581105630.8349726	107.0
1581105630.9349725	100.0
1581105631.0349724	98.0
1581105631.1349723	115.0
1581105631.2349722	142.0
1581105631.3349721	107.0
1581105631.4349723	149.0
1581105631.5349722	125.0
1581105631.6349723	104.0
1581105631.734972	102.0
1581105631.834972	123.0
1581105631.934972	119.0
1581105632.034972	135.0
1581105632.134972	116.0
1581105632.234972	111.0
1581105632.334972	107.0
1581105632.4349718	104.0
1581105632.5349717	124.0
1581105632.6349719	125.0
1581105632.7349718	127.0
1581105632.8349717	118.0
1581105632.9349718	111.0
1581105633.0349715	119.0
1581105633.1349714	120.0
1581105633.2349715	132.0
1581105633.3349714	105.0
1581105633.4349716	110.0
1581105633.5349715	117.0
1581105633.6349711	119.0
1581105633.7349713	145.0
1581105633.8349712	112.0
1581105633.9349713	99.0
1581105634.0349712	125.0
1581105634.1349711	108.0
1581105634.2349713	113.0
1581105634.334971	124.0
1581105634.434971	114.0
1581105634.534971	111.0
1581105634.634971	107.0
1581105634.734971	103.0
1581105634.834971	116.0
1581105634.9349706	134.0
1581105635.0349708	111.0
1581105635.1349707	132.0
1581105635.2349708	126.0
1581105635.3349707	117.0
1581105635.4349706	130.0
1581105635.5349708	124.0
1581105635.6349704	94.0
1581105635.7349706	96.0
1581105635.8349705	111.0
1581105635.9349704	120.0
1581105636.0349705	105.0
1581105636.1349704	120.0
1581105636.23497	109.0
1581105636.3349702	111.0
1581105636.4349701	122.0
1581105636.5349703	129.0
1581105636.6349702	124.0
1581105636.73497	113.0
1581105636.83497	125.0
1581105636.93497	131.0
1581105637.03497	121.0
1581105637.13497	97.0
1581105637.2349699	114.0
1581105637.33497	129.0
1581105637.43497	135.0
1581105637.5349698	124.0
1581105637.6349697	118.0
1581105637.7349696	90.0
1581105637.8349698	116.0
1581105637.9349697	100.0
1581105638.0349698	109.0
1581105638.1349695	115.0
1581105638.2349694	110.0
1581105638.3349695	121.0
1581105638.4349694	121.0
1581105638.5349693	112.0
1581105638.6349695	97.0
1581105638.7349694	112.0
1581105638.8349693	110.0
1581105638.9349692	118.0
1581105639.034969	113.0
1581105639.1349692	115.0
1581105639.2349691	128.0
1581105639.3349693	116.0
1581105639.434969	436.0
1581105639.5349689	137.0
1581105639.634969	137.0
1581105639.734969	100.0
1581105639.834969	124.0
1581105639.934969	123.0
1581105640.0349686	113.0
1581105640.1349688	130.0
1581105640.2349687	119.0
1581105640.3349686	115.0
1581105640.4349687	120.0
1581105640.5349686	105.0
1581105640.6349688	109.0
1581105640.7349684	111.0
1581105640.8349683	143.0
1581105640.9349685	142.0
1581105641.0349684	109.0
1581105641.1349685	109.0
1581105641.2349684	128.0
1581105641.334968	103.0
1581105641.4349682	152.0
1581105641.5349681	123.0
1581105641.6349683	101.0
1581105641.7349682	118.0
1581105641.834968	113.0
1581105641.9349682	129.0
1581105642.034968	124.0
1581105642.1349678	117.0
1581105642.234968	116.0
1581105642.3349679	111.0
1581105642.434968	432.0
1581105642.534968	114.0
1581105642.6349676	122.0
1581105642.7349677	142.0
1581105642.8349676	137.0
1581105642.9349678	139.0
1581105643.0349677	126.0
1581105643.1349676	124.0
1581105643.2349675	99.0
1581105643.3349674	131.0
1581105643.4349673	120.0
1581105643.5349674	120.0
1581105643.6349673	130.0
1581105643.7349675	106.0
1581105643.8349674	122.0
1581105643.934967	116.0
1581105644.0349672	117.0
1581105644.134967	118.0
1581105644.2349672	124.0
1581105644.3349671	116.0
1581105644.434967	141.0
1581105644.534967	125.0
1581105644.6349669	122.0
1581105644.734967	117.0
1581105644.834967	131.0
1581105644.9349668	108.0
1581105645.034967	115.0
1581105645.1349669	127.0
1581105645.2349665	129.0
1581105645.3349667	111.0
1581105645.4349666	346.0
1581105645.5349667	137.0
1581105645.6349666	118.0
1581105645.7349665	105.0
1581105645.8349664	107.0
1581105645.9349663	112.0
1581105646.0349665	123.0
1581105646.1349664	112.0
1581105646.2349663	122.0
1581105646.3349664	104.0
1581105646.434966	118.0
1581105646.5349662	126.0
1581105646.6349661	97.0
1581105646.734966	127.0
1581105646.8349662	100.0
1581105646.934966	108.0
1581105647.0349662	113.0
1581105647.134966	114.0
1581105647.2349658	109.0
1581105647.334966	114.0
1581105647.4349658	377.0
1581105647.5349658	108.0
1581105647.634966	114.0
1581105647.7349656	125.0
1581105647.8349657	82.0
1581105647.9349656	112.0
1581105648.0349655	106.0
1581105648.1349657	118.0
1581105648.2349656	119.0
1581105648.3349657	98.0
1581105648.4349654	590.0
1581105648.5349653	117.0
1581105648.6349654	124.0
1581105648.7349653	108.0
1581105648.8349652	113.0
1581105648.9349654	135.0
1581105649.034965	120.0
1581105649.1349652	106.0
1581105649.234965	124.0
1581105649.334965	110.0
1581105649.4349651	328.0
1581105649.534965	107.0
1581105649.634965	101.0
1581105649.7349648	122.0
1581105649.8349648	102.0
1581105649.934965	114.0
1581105650.0349648	122.0
1581105650.134965	117.0
1581105650.2349648	116.0
1581105650.3349645	116.0
1581105650.4349647	555.0
1581105650.5349646	111.0
1581105650.6349645	115.0
1581105650.7349646	130.0
1581105650.8349645	116.0
1581105650.9349644	117.0
1581105651.0349643	107.0
1581105651.1349642	119.0
1581105651.2349644	113.0
1581105651.3349643	108.0
1581105651.4349644	117.0
1581105651.5349643	99.0
1581105651.634964	108.0
1581105651.7349641	106.0
1581105651.834964	121.0
1581105651.9349642	101.0
1581105652.034964	100.0
1581105652.134964	125.0
1581105652.234964	148.0
1581105652.3349638	99.0
1581105652.4349637	215.0
1581105652.5349638	102.0
1581105652.6349638	129.0
1581105652.734964	93.0
1581105652.8349636	124.0
1581105652.9349635	124.0
1581105653.0349636	124.0
1581105653.1349635	108.0
1581105653.2349637	115.0
1581105653.3349636	88.0
1581105653.4349635	142.0
1581105653.5349634	109.0
1581105653.6349633	115.0
1581105653.7349634	118.0
1581105653.8349633	122.0
1581105653.9349632	93.0
1581105654.0349634	121.0
1581105654.134963	117.0
1581105654.234963	104.0
1581105654.334963	108.0
1581105654.434963	115.0
1581105654.5349631	118.0
1581105654.634963	110.0
1581105654.734963	115.0
1581105654.8349628	113.0
1581105654.9349627	123.0
1581105655.034963	118.0
1581105655.1349628	110.0
1581105655.2349627	113.0
1581105655.3349628	108.0
1581105655.4349625	421.0
1581105655.5349624	114.0
1581105655.6349626	110.0
1581105655.7349625	105.0
1581105655.8349626	128.0
1581105655.9349625	115.0
1581105656.0349622	125.0
1581105656.1349623	99.0
1581105656.2349622	102.0
1581105656.3349624	121.0
1581105656.4349623	125.0
1581105656.5349622	144.0
1581105656.6349623	119.0
1581105656.734962	98.0
1581105656.8349621	113.0
1581105656.934962	114.0
1581105657.034962	120.0
1581105657.134962	117.0
1581105657.234962	117.0
1581105657.3349617	96.0
1581105657.4349618	131.0
1581105657.5349617	95.0
1581105657.6349618	131.0
1581105657.7349617	113.0
1581105657.8349617	116.0
1581105657.9349618	125.0
1581105658.0349615	112.0
1581105658.1349616	116.0
1581105658.2349615	113.0
1581105658.3349614	115.0
1581105658.4349616	555.0
1581105658.5349615	113.0
1581105658.6349614	118.0
1581105658.7349613	117.0
1581105658.8349612	116.0
1581105658.9349613	103.0
1581105659.0349612	99.0
1581105659.1349614	108.0
1581105659.234961	121.0
1581105659.334961	119.0
1581105659.434961	119.0
1581105659.534961	104.0
1581105659.634961	121.0
1581105659.734961	99.0
1581105659.834961	118.0
1581105659.9349608	135.0
1581105660.0349607	99.0
1581105660.1349607	108.0
1581105660.2349608	113.0
1581105660.3349607	123.0
1581105660.4349608	135.0
1581105660.5349605	116.0
1581105660.6349604	94.0
1581105660.7349606	122.0
1581105660.8349605	118.0
1581105660.9349604	114.0
1581105661.0349605	101.0
1581105661.1349604	120.0
1581105661.2349603	140.0
1581105661.3349602	99.0
1581105661.4349601	286.0
1581105661.5349603	86.0
1581105661.6349602	108.0
1581105661.7349603	102.0
1581105661.83496	118.0
1581105661.93496	101.0
1581105662.03496	119.0
1581105662.13496	113.0
1581105662.23496	109.0
1581105662.33496	105.0
1581105662.4349597	141.0
1581105662.5349598	112.0
1581105662.6349597	106.0
1581105662.7349596	126.0
1581105662.8349597	120.0
1581105662.9349597	98.0
1581105663.0349598	100.0
1581105663.1349595	118.0
1581105663.2349594	129.0
1581105663.3349595	110.0
1581105663.4349594	282.0
1581105663.5349596	108.0
1581105663.6349595	127.0
1581105663.7349591	106.0
1581105663.8349593	117.0
1581105663.9349592	99.0
1581105664.0349593	112.0
1581105664.1349592	124.0
1581105664.2349591	111.0
1581105664.3349593	99.0
1581105664.434959	153.0
1581105664.5349588	114.0
1581105664.634959	100.0
1581105664.734959	118.0
1581105664.834959	130.0
1581105664.934959	109.0
1581105665.0349586	120.0
1581105665.1349587	108.0
1581105665.2349586	113.0
1581105665.3349588	118.0
1581105665.4349587	143.0
1581105665.5349586	126.0
1581105665.6349585	118.0
1581105665.7349584	112.0
1581105665.8349586	114.0
1581105665.9349585	101.0
1581105666.0349584	127.0
1581105666.1349585	90.0
1581105666.2349584	133.0
1581105666.334958	114.0
1581105666.4349582	130.0
1581105666.5349581	93.0
1581105666.6349583	121.0
1581105666.7349582	102.0
1581105666.834958	125.0
1581105666.934958	104.0
1581105667.034958	122.0
1581105667.134958	102.0
1581105667.234958	128.0
1581105667.3349578	113.0
1581105667.434958	142.0
1581105667.534958	125.0
1581105667.6349576	122.0
1581105667.7349577	104.0
1581105667.8349576	114.0
1581105667.9349577	119.0
1581105668.0349576	134.0
1581105668.1349576	122.0
1581105668.2349575	106.0
1581105668.3349574	113.0
1581105668.4349575	131.0
1581105668.5349574	117.0
1581105668.6349573	98.0
1581105668.7349575	111.0
1581105668.8349571	119.0
1581105668.9349573	109.0
1581105669.0349572	128.0
1581105669.134957	120.0
1581105669.2349572	117.0
1581105669.3349571	130.0
1581105669.4349573	288.0
1581105669.534957	121.0
1581105669.6349568	114.0
1581105669.734957	108.0
1581105669.834957	114.0
1581105669.9349568	108.0
1581105670.034957	136.0
1581105670.1349566	121.0
1581105670.2349567	106.0
1581105670.3349566	115.0
1581105670.4349566	213.0
1581105670.5349567	103.0
1581105670.6349566	105.0
1581105670.7349567	119.0
1581105670.8349564	106.0
1581105670.9349563	104.0
1581105671.0349565	110.0
1581105671.1349564	120.0
1581105671.2349565	123.0
1581105671.3349564	120.0
1581105671.434956	246.0
1581105671.5349562	132.0
1581105671.6349561	123.0
1581105671.734956	121.0
1581105671.8349562	101.0
1581105671.934956	113.0
1581105672.034956	122.0
1581105672.134956	115.0
1581105672.2349558	102.0
1581105672.334956	121.0
1581105672.4349558	140.0
1581105672.534956	108.0
1581105672.634956	122.0
1581105672.7349555	111.0
1581105672.8349557	116.0
1581105672.9349556	119.0
1581105673.0349555	106.0
1581105673.1349556	114.0
1581105673.2349555	100.0
1581105673.3349555	108.0
1581105673.4349554	125.0
1581105673.5349553	119.0
1581105673.6349554	100.0
1581105673.7349553	99.0
1581105673.8349555	110.0
1581105673.9349554	115.0
1581105674.034955	117.0
1581105674.1349552	112.0
1581105674.234955	94.0
1581105674.3349552	107.0
1581105674.4349551	144.0
1581105674.534955	115.0
1581105674.634955	110.0
1581105674.7349548	115.0
1581105674.8349547	117.0
1581105674.934955	90.0
1581105675.0349548	121.0
1581105675.134955	99.0
1581105675.2349546	108.0
1581105675.3349545	117.0
1581105675.4349546	286.0
1581105675.5349545	102.0
1581105675.6349547	121.0
1581105675.7349546	107.0
1581105675.8349545	122.0
1581105675.9349544	114.0
1581105676.0349543	109.0
1581105676.1349545	118.0
1581105676.2349544	104.0
1581105676.3349543	102.0
1581105676.4349544	117.0
1581105676.534954	114.0
1581105676.634954	118.0
1581105676.734954	112.0
1581105676.834954	105.0
1581105676.9349542	90.0
1581105677.034954	113.0
1581105677.134954	107.0
1581105677.2349539	109.0
1581105677.3349538	107.0
1581105677.434954	162.0
1581105677.5349538	105.0
1581105677.6349537	95.0
1581105677.7349539	108.0
1581105677.8349535	85.0
1581105677.9349537	108.0
1581105678.0349536	129.0
1581105678.1349535	101.0
1581105678.2349536	102.0
1581105678.3349535	128.0
1581105678.4349532	164.0
1581105678.5349534	107.0
1581105678.6349533	97.0
1581105678.7349534	115.0
1581105678.8349533	112.0
1581105678.9349532	91.0
1581105679.0349534	124.0
1581105679.134953	115.0
1581105679.2349532	101.0
1581105679.334953	122.0
1581105679.434953	170.0
1581105679.534953	120.0
1581105679.634953	120.0
1581105679.7349527	108.0
1581105679.8349528	113.0
1581105679.9349527	96.0
1581105680.0349529	108.0
1581105680.1349528	96.0
1581105680.2349527	112.0
1581105680.3349528	93.0
1581105680.4349525	279.0
1581105680.5349526	92.0
1581105680.6349525	109.0
1581105680.7349524	102.0
1581105680.8349526	94.0
1581105680.9349525	115.0
1581105681.0349524	97.0
1581105681.1349523	98.0
1581105681.2349522	107.0
1581105681.3349524	103.0
1581105681.4349523	156.0
1581105681.5349524	88.0
1581105681.634952	94.0
1581105681.734952	104.0
1581105681.834952	128.0
1581105681.934952	109.0
1581105682.034952	127.0
1581105682.134952	106.0
1581105682.234952	115.0
1581105682.3349519	101.0
1581105682.4349518	148.0
1581105682.5349517	115.0
1581105682.6349518	121.0
1581105682.7349517	111.0
1581105682.8349519	78.0
1581105682.9349515	97.0
1581105683.0349514	100.0
1581105683.1349516	86.0
1581105683.2349515	105.0
1581105683.3349516	103.0
1581105683.4349515	150.0
1581105683.5349514	91.0
1581105683.6349514	89.0
1581105683.7349513	91.0
1581105683.8349512	85.0
1581105683.9349513	115.0
1581105684.0349512	115.0
1581105684.1349514	107.0
1581105684.234951	97.0
1581105684.334951	107.0
1581105684.434951	179.0
1581105684.534951	94.0
1581105684.634951	122.0
1581105684.734951	101.0
1581105684.8349507	102.0
1581105684.9349508	116.0
1581105685.0349507	102.0
1581105685.1349506	105.0
1581105685.2349508	104.0
1581105685.3349507	112.0
1581105685.4349508	165.0
1581105685.5349505	117.0
1581105685.6349504	104.0
1581105685.7349505	107.0
1581105685.8349504	99.0
1581105685.9349506	84.0
1581105686.0349505	102.0
1581105686.1349502	126.0
1581105686.2349503	117.0
1581105686.3349502	82.0
1581105686.4349504	122.0
1581105686.5349503	118.0
1581105686.6349502	110.0
1581105686.7349503	99.0
1581105686.83495	90.0
1581105686.9349499	107.0
1581105687.03495	111.0
1581105687.13495	109.0
1581105687.23495	96.0
1581105687.33495	107.0
1581105687.4349496	118.0
1581105687.5349498	103.0
1581105687.6349497	103.0
1581105687.7349498	96.0
1581105687.8349497	103.0
1581105687.9349496	116.0
1581105688.0349495	97.0
1581105688.1349494	144.0
1581105688.2349496	99.0
1581105688.3349495	82.0
1581105688.4349494	134.0
1581105688.5349495	113.0
1581105688.6349494	114.0
1581105688.734949	99.0
1581105688.8349493	103.0
1581105688.9349492	112.0
1581105689.0349493	94.0
1581105689.1349492	103.0
1581105689.234949	88.0
1581105689.334949	111.0
1581105689.434949	424.0
1581105689.534949	106.0
1581105689.634949	101.0
1581105689.7349489	86.0
1581105689.834949	107.0
1581105689.934949	101.0
1581105690.0349486	115.0
1581105690.1349487	127.0
1581105690.2349486	110.0
1581105690.3349488	118.0
1581105690.4349487	169.0
1581105690.5349486	96.0
1581105690.6349485	85.0
1581105690.7349484	102.0
1581105690.8349485	93.0
1581105690.9349484	110.0
1581105691.0349483	105.0
1581105691.1349485	116.0
1581105691.2349482	106.0
1581105691.3349483	101.0
1581105691.4349482	331.0
1581105691.534948	97.0
1581105691.6349483	109.0
1581105691.7349482	109.0
1581105691.8349483	109.0
1581105691.934948	98.0
1581105692.0349479	109.0
1581105692.134948	105.0
1581105692.234948	100.0
1581105692.3349478	87.0
1581105692.434948	170.0
1581105692.5349476	98.0
1581105692.6349478	104.0
1581105692.7349477	93.0
1581105692.8349476	105.0
1581105692.9349477	113.0
1581105693.0349476	106.0
1581105693.1349478	87.0
1581105693.2349474	88.0
1581105693.3349473	122.0
1581105693.4349475	145.0
1581105693.5349474	101.0
1581105693.6349475	87.0
1581105693.7349474	112.0
1581105693.834947	92.0
1581105693.9349473	112.0
1581105694.0349472	108.0
1581105694.134947	95.0
1581105694.2349472	100.0
1581105694.334947	110.0
1581105694.434947	325.0
1581105694.534947	129.0
1581105694.6349468	102.0
1581105694.734947	110.0
1581105694.8349469	113.0
1581105694.934947	93.0
1581105695.034947	115.0
1581105695.1349466	100.0
1581105695.2349467	96.0
1581105695.3349466	107.0
1581105695.4349468	186.0
1581105695.5349467	103.0
1581105695.6349466	106.0
1581105695.7349465	111.0
1581105695.8349464	127.0
1581105695.9349463	80.0
1581105696.0349464	115.0
1581105696.1349463	107.0
1581105696.2349465	114.0
1581105696.3349464	103.0
1581105696.434946	274.0
1581105696.5349462	112.0
1581105696.634946	111.0
1581105696.7349463	117.0
1581105696.8349462	101.0
1581105696.934946	120.0
1581105697.034946	107.0
1581105697.1349459	132.0
1581105697.2349458	118.0
1581105697.334946	111.0
1581105697.4349458	191.0
1581105697.534946	109.0
1581105697.6349456	93.0
1581105697.7349455	103.0
1581105697.8349457	101.0
1581105697.9349456	118.0
1581105698.0349457	97.0
1581105698.1349456	78.0
1581105698.2349455	98.0
1581105698.3349454	105.0
1581105698.4349453	457.0
1581105698.5349455	134.0
1581105698.6349454	135.0
1581105698.7349453	121.0
1581105698.8349454	138.0
1581105698.934945	106.0
1581105699.034945	123.0
1581105699.1349452	107.0
1581105699.234945	137.0
1581105699.3349452	123.0
1581105699.434945	131.0
1581105699.534945	129.0
1581105699.634945	106.0
1581105699.7349448	101.0
1581105699.834945	137.0
1581105699.9349449	115.0
1581105700.0349448	108.0
1581105700.134945	111.0
1581105700.2349446	121.0
1581105700.3349447	132.0
1581105700.4349446	122.0
1581105700.5349445	127.0
1581105700.6349447	124.0
1581105700.7349446	125.0
1581105700.8349442	133.0
1581105700.9349444	126.0
1581105701.0349443	125.0
1581105701.1349444	117.0
1581105701.2349443	114.0
1581105701.3349442	129.0
1581105701.4349444	124.0
1581105701.534944	115.0
1581105701.6349442	130.0
1581105701.734944	119.0
1581105701.834944	123.0
1581105701.9349442	125.0
1581105702.034944	114.0
1581105702.1349437	123.0
1581105702.2349439	123.0
1581105702.3349438	107.0
1581105702.434944	207.0
1581105702.5349438	130.0
1581105702.6349437	108.0
1581105702.7349439	117.0
1581105702.8349435	104.0
1581105702.9349437	96.0
1581105703.0349436	131.0
1581105703.1349435	116.0
1581105703.2349436	137.0
1581105703.3349435	112.0
1581105703.4349434	158.0
1581105703.5349433	115.0
1581105703.6349432	117.0
1581105703.7349434	117.0
1581105703.8349433	117.0
1581105703.9349434	112.0
1581105704.034943	148.0
1581105704.134943	115.0
1581105704.2349432	110.0
1581105704.334943	122.0
1581105704.434943	412.0
1581105704.534943	97.0
1581105704.634943	104.0
1581105704.734943	124.0
1581105704.8349428	100.0
1581105704.9349427	101.0
1581105705.0349429	111.0
1581105705.1349428	85.0
1581105705.234943	104.0
1581105705.3349426	148.0
1581105705.4349425	419.0
1581105705.5349426	104.0
1581105705.6349425	110.0
1581105705.7349427	95.0
1581105705.8349426	107.0
1581105705.9349425	104.0
1581105706.0349424	114.0
1581105706.1349423	94.0
1581105706.2349422	99.0
1581105706.3349423	122.0
1581105706.4349422	331.0
1581105706.5349424	93.0
1581105706.634942	124.0
1581105706.734942	110.0
1581105706.834942	94.0
1581105706.934942	113.0
1581105707.0349422	105.0
1581105707.134942	92.0
1581105707.2349417	105.0
1581105707.3349419	95.0
1581105707.4349418	623.0
1581105707.534942	114.0
1581105707.6349418	109.0
1581105707.7349417	114.0
1581105707.8349419	100.0
1581105707.9349415	96.0
1581105708.0349414	88.0
1581105708.1349416	103.0
1581105708.2349415	102.0
1581105708.3349416	102.0
1581105708.4349415	425.0
1581105708.5349412	104.0
1581105708.6349413	107.0
1581105708.7349412	117.0
1581105708.8349414	115.0
1581105708.9349413	108.0
1581105709.0349412	98.0
1581105709.1349413	92.0
1581105709.234941	103.0
1581105709.334941	104.0
1581105709.434941	220.0
1581105709.534941	100.0
1581105709.634941	100.0
1581105709.734941	95.0
1581105709.8349407	124.0
1581105709.9349408	96.0
1581105710.0349407	116.0
1581105710.1349409	106.0
1581105710.2349408	103.0
1581105710.3349407	112.0
1581105710.4349406	241.0
1581105710.5349405	115.0
1581105710.6349406	110.0
1581105710.7349405	121.0
1581105710.8349404	119.0
1581105710.9349406	73.0
1581105711.0349405	105.0
1581105711.1349401	116.0
1581105711.2349403	112.0
1581105711.3349402	121.0
1581105711.4349403	228.0
1581105711.5349402	107.0
1581105711.6349401	99.0
1581105711.73494	124.0
1581105711.83494	116.0
1581105711.93494	121.0
1581105712.03494	104.0
1581105712.13494	99.0
1581105712.23494	109.0
1581105712.33494	97.0
1581105712.4349399	198.0
1581105712.5349398	130.0
1581105712.6349397	116.0
1581105712.7349398	97.0
1581105712.8349397	98.0
1581105712.9349399	102.0
1581105713.0349395	126.0
1581105713.1349394	91.0
1581105713.2349396	107.0
1581105713.3349395	115.0
1581105713.4349394	104.0
1581105713.5349395	98.0
1581105713.6349392	113.0
1581105713.7349393	115.0
1581105713.8349392	100.0
1581105713.9349391	108.0
1581105714.0349393	95.0
1581105714.1349392	106.0
1581105714.2349393	113.0
1581105714.334939	111.0
1581105714.434939	112.0
1581105714.534939	111.0
1581105714.634939	102.0
1581105714.7349389	111.0
1581105714.834939	89.0
1581105714.9349387	115.0
1581105715.0349388	104.0
1581105715.1349387	105.0
1581105715.2349386	110.0
1581105715.3349388	89.0
1581105715.4349387	116.0
1581105715.5349388	142.0
1581105715.6349385	115.0
1581105715.7349384	113.0
1581105715.8349385	112.0
1581105715.9349384	93.0
1581105716.0349386	99.0
1581105716.1349385	102.0
1581105716.2349381	96.0
1581105716.3349383	94.0
1581105716.4349382	100.0
1581105716.534938	106.0
1581105716.6349382	110.0
1581105716.7349381	100.0
1581105716.834938	101.0
1581105716.934938	121.0
1581105717.0349379	103.0
1581105717.134938	99.0
1581105717.234938	100.0
1581105717.334938	112.0
1581105717.434938	204.0
1581105717.5349376	102.0
1581105717.6349378	94.0
1581105717.7349377	99.0
1581105717.8349378	98.0
1581105717.9349377	87.0
1581105718.0349376	109.0
1581105718.1349375	110.0
1581105718.2349374	123.0
1581105718.3349373	122.0
1581105718.4349375	129.0
1581105718.5349374	100.0
1581105718.6349375	104.0
1581105718.7349374	90.0
1581105718.834937	85.0
1581105718.9349372	112.0
1581105719.0349371	116.0
1581105719.1349373	106.0
1581105719.2349372	106.0
1581105719.334937	90.0
1581105719.434937	130.0
1581105719.534937	117.0
1581105719.634937	103.0
1581105719.734937	105.0
1581105719.8349369	97.0
1581105719.934937	110.0
1581105720.0349367	113.0
1581105720.1349366	89.0
1581105720.2349367	99.0
1581105720.3349366	99.0
1581105720.4349368	297.0
1581105720.5349367	105.0
1581105720.6349366	81.0
1581105720.7349365	113.0
1581105720.8349364	90.0
1581105720.9349365	111.0
1581105721.0349364	113.0
1581105721.1349363	89.0
1581105721.2349365	110.0
1581105721.3349361	105.0
1581105721.434936	402.0
1581105721.5349362	110.0
1581105721.634936	106.0
1581105721.7349362	92.0
1581105721.8349361	91.0
1581105721.934936	117.0
1581105722.034936	99.0
1581105722.1349359	117.0
1581105722.234936	111.0
1581105722.334936	123.0
1581105722.4349358	97.0
1581105722.534936	112.0
1581105722.6349356	94.0
1581105722.7349358	99.0
1581105722.8349357	91.0
1581105722.9349356	112.0
1581105723.0349357	112.0
1581105723.1349356	115.0
1581105723.2349353	100.0
1581105723.3349354	107.0
1581105723.4349353	152.0
1581105723.5349355	111.0
1581105723.6349354	78.0
1581105723.7349353	120.0
1581105723.8349354	106.0
1581105723.934935	107.0
1581105724.0349352	94.0
1581105724.1349351	99.0
1581105724.234935	110.0
1581105724.3349352	96.0
1581105724.434935	286.0
1581105724.534935	91.0
1581105724.634935	85.0
1581105724.7349348	97.0
1581105724.834935	99.0
1581105724.9349349	94.0
1581105725.034935	86.0
1581105725.134935	90.0
1581105725.2349346	102.0
1581105725.3349347	98.0
1581105725.4349346	113.0
1581105725.5349345	113.0
1581105725.6349347	111.0
1581105725.7349346	108.0
1581105725.8349345	125.0
1581105725.9349344	114.0
1581105726.0349343	101.0
1581105726.1349344	97.0
1581105726.2349343	88.0
1581105726.3349345	99.0
1581105726.4349341	122.0
1581105726.534934	106.0
1581105726.6349342	99.0
1581105726.734934	101.0
1581105726.834934	105.0
1581105726.9349341	98.0
1581105727.034934	94.0
1581105727.134934	112.0
1581105727.2349339	99.0
1581105727.3349338	105.0
1581105727.434934	97.0
1581105727.5349338	84.0
1581105727.634934	91.0
1581105727.7349336	115.0
1581105727.8349335	123.0
1581105727.9349337	108.0
1581105728.0349336	106.0
1581105728.1349337	95.0
1581105728.2349336	101.0
1581105728.3349335	87.0
1581105728.4349334	103.0
1581105728.5349333	112.0
1581105728.6349332	101.0
1581105728.7349334	88.0
1581105728.8349333	101.0
1581105728.9349334	100.0
1581105729.034933	99.0
1581105729.134933	115.0
1581105729.2349331	98.0
1581105729.334933	111.0
1581105729.4349332	134.0
1581105729.534933	104.0
1581105729.6349328	103.0
1581105729.734933	89.0
1581105729.8349328	101.0
1581105729.934933	99.0
1581105730.0349329	77.0
1581105730.1349328	90.0
1581105730.234933	103.0
1581105730.3349326	84.0
1581105730.4349325	132.0
1581105730.5349326	97.0
1581105730.6349325	99.0
1581105730.7349327	92.0
1581105730.8349326	83.0
1581105730.9349322	99.0
1581105731.0349324	91.0
1581105731.1349323	107.0
1581105731.2349324	105.0
1581105731.3349323	114.0
1581105731.4349322	242.0
1581105731.5349324	107.0
1581105731.634932	90.0
1581105731.7349322	94.0
1581105731.834932	96.0
1581105731.934932	106.0
1581105732.0349321	77.0
1581105732.134932	89.0
1581105732.2349317	81.0
1581105732.3349319	105.0
1581105732.4349318	142.0
1581105732.534932	91.0
1581105732.6349318	102.0
1581105732.7349317	100.0
1581105732.8349316	105.0
1581105732.9349315	102.0
1581105733.0349317	109.0
1581105733.1349316	107.0
1581105733.2349315	90.0
1581105733.3349316	85.0
1581105733.4349315	183.0
1581105733.5349312	102.0
1581105733.6349313	102.0
1581105733.7349312	102.0
1581105733.8349314	110.0
1581105733.9349313	99.0
1581105734.0349312	95.0
1581105734.134931	98.0
1581105734.234931	105.0
1581105734.3349311	85.0
1581105734.434931	234.0
1581105734.534931	92.0
1581105734.634931	93.0
1581105734.734931	117.0
1581105734.834931	117.0
1581105734.9349308	100.0
1581105735.0349307	114.0
1581105735.1349308	82.0
1581105735.2349308	102.0
1581105735.334931	93.0
1581105735.4349306	117.0
1581105735.5349305	107.0
1581105735.6349306	113.0
1581105735.7349305	96.0
1581105735.8349304	103.0
1581105735.9349306	101.0
1581105736.0349302	112.0
1581105736.1349304	109.0
1581105736.2349303	140.0
1581105736.3349302	98.0
1581105736.4349303	86.0
1581105736.5349302	101.0
1581105736.6349304	111.0
1581105736.73493	102.0
1581105736.83493	98.0
1581105736.93493	92.0
1581105737.03493	101.0
1581105737.1349301	88.0
1581105737.23493	103.0
1581105737.3349297	93.0
1581105737.4349298	173.0
1581105737.5349298	99.0
1581105737.6349297	104.0
1581105737.7349298	100.0
1581105737.8349297	107.0
1581105737.9349298	97.0
1581105738.0349295	118.0
1581105738.1349294	93.0
1581105738.2349296	98.0
1581105738.3349295	102.0
1581105738.4349296	165.0
1581105738.5349295	105.0
1581105738.6349292	110.0
1581105738.7349293	112.0
1581105738.8349292	107.0
1581105738.9349291	100.0
1581105739.0349293	100.0
1581105739.1349292	109.0
1581105739.234929	104.0
1581105739.334929	105.0
1581105739.434929	221.0
1581105739.534929	80.0
1581105739.634929	114.0
1581105739.734929	79.0
1581105739.834929	95.0
1581105739.9349287	98.0
1581105740.0349288	115.0
1581105740.1349287	101.0
1581105740.2349288	93.0
1581105740.3349288	104.0
1581105740.4349287	108.0
1581105740.5349286	99.0
1581105740.6349285	86.0
1581105740.7349284	102.0
1581105740.8349285	107.0
1581105740.9349284	103.0
1581105741.0349286	97.0
1581105741.1349285	99.0
1581105741.2349281	91.0
1581105741.3349283	120.0
1581105741.4349282	101.0
1581105741.5349283	109.0
1581105741.6349282	115.0
1581105741.7349281	97.0
1581105741.834928	98.0
1581105741.934928	98.0
1581105742.034928	93.0
1581105742.134928	101.0
1581105742.234928	96.0
1581105742.334928	99.0
1581105742.4349277	130.0
1581105742.5349276	110.0
1581105742.6349277	90.0
1581105742.7349277	106.0
1581105742.8349278	109.0
1581105742.9349277	116.0
1581105743.0349276	97.0
1581105743.1349275	107.0
1581105743.2349274	100.0
1581105743.3349276	85.0
1581105743.4349275	258.0
1581105743.5349274	113.0
1581105743.6349275	101.0
1581105743.7349272	99.0
1581105743.8349273	115.0
1581105743.9349272	98.0
1581105744.0349271	100.0
1581105744.1349273	103.0
1581105744.2349272	116.0
1581105744.3349273	115.0
1581105744.434927	124.0
1581105744.534927	117.0
1581105744.634927	97.0
1581105744.734927	100.0
1581105744.8349268	87.0
1581105744.934927	104.0
1581105745.0349267	97.0
1581105745.1349268	96.0
1581105745.2349267	106.0
1581105745.3349266	106.0
1581105745.4349267	99.0
1581105745.5349267	107.0
1581105745.6349263	108.0
1581105745.7349265	80.0
1581105745.8349264	107.0
1581105745.9349265	106.0
1581105746.0349264	104.0
1581105746.1349263	115.0
1581105746.2349265	97.0
1581105746.3349261	111.0
1581105746.4349263	142.0
1581105746.5349262	97.0
1581105746.634926	104.0
1581105746.7349262	109.0
1581105746.8349261	105.0
1581105746.934926	118.0
1581105747.034926	90.0
1581105747.1349258	122.0
1581105747.234926	99.0
1581105747.334926	101.0
1581105747.434926	149.0
1581105747.534926	92.0
1581105747.6349256	106.0
1581105747.7349257	113.0
1581105747.8349257	92.0
1581105747.9349256	112.0
1581105748.0349257	94.0
1581105748.1349256	107.0
1581105748.2349255	99.0
1581105748.3349254	115.0
1581105748.4349253	99.0
1581105748.5349255	88.0
1581105748.6349254	104.0
1581105748.7349255	97.0
1581105748.8349252	106.0
1581105748.934925	91.0
1581105749.0349252	106.0
1581105749.1349251	121.0
1581105749.2349253	115.0
1581105749.3349252	101.0
1581105749.434925	153.0
1581105749.534925	93.0
1581105749.634925	97.0
1581105749.7349248	96.0
1581105749.834925	96.0
1581105749.9349248	103.0
1581105750.034925	119.0
1581105750.1349247	105.0
1581105750.2349246	91.0
1581105750.3349247	98.0
1581105750.4349246	214.0
1581105750.5349247	104.0
1581105750.6349247	102.0
1581105750.7349246	103.0
1581105750.8349245	103.0
1581105750.9349244	91.0
1581105751.0349243	113.0
1581105751.1349244	85.0
1581105751.2349243	95.0
1581105751.3349245	101.0
1581105751.4349241	108.0
1581105751.534924	98.0
1581105751.6349242	83.0
1581105751.734924	129.0
1581105751.8349242	90.0
1581105751.9349241	104.0
1581105752.0349238	101.0
1581105752.134924	119.0
1581105752.2349238	114.0
1581105752.334924	121.0
1581105752.434924	125.0
1581105752.5349238	104.0
1581105752.634924	94.0
1581105752.7349236	94.0
1581105752.8349235	107.0
1581105752.9349236	92.0
1581105753.0349236	103.0
1581105753.1349237	90.0
1581105753.2349236	92.0
1581105753.3349233	94.0
1581105753.4349234	143.0
1581105753.5349233	101.0
1581105753.6349235	102.0
1581105753.7349234	94.0
1581105753.8349233	97.0
1581105753.9349234	114.0
1581105754.034923	92.0
1581105754.1349232	88.0
1581105754.2349231	93.0
1581105754.334923	101.0
1581105754.4349232	90.0
1581105754.534923	106.0
1581105754.6349227	116.0
1581105754.734923	95.0
1581105754.8349228	111.0
1581105754.934923	101.0
1581105755.0349228	116.0
1581105755.1349227	100.0
1581105755.2349226	90.0
1581105755.3349226	96.0
1581105755.4349227	90.0
1581105755.5349226	94.0
1581105755.6349225	132.0
1581105755.7349226	88.0
1581105755.8349226	95.0
1581105755.9349225	109.0
1581105756.0349224	112.0
1581105756.1349223	86.0
1581105756.2349224	122.0
1581105756.3349223	110.0
1581105756.4349225	107.0
1581105756.5349221	114.0
1581105756.634922	108.0
1581105756.7349222	97.0
1581105756.834922	108.0
1581105756.934922	103.0
1581105757.0349221	107.0
1581105757.134922	94.0
1581105757.234922	114.0
1581105757.3349218	116.0
1581105757.4349217	131.0
1581105757.534922	111.0
1581105757.6349218	100.0
1581105757.734922	107.0
1581105757.8349216	113.0
1581105757.9349215	102.0
1581105758.0349216	116.0
1581105758.1349216	109.0
1581105758.2349215	108.0
1581105758.3349216	104.0
1581105758.4349213	130.0
1581105758.5349214	102.0
1581105758.6349213	93.0
1581105758.7349212	103.0
1581105758.8349214	124.0
1581105758.9349213	74.0
1581105759.0349214	110.0
1581105759.134921	85.0
1581105759.234921	98.0
1581105759.3349211	111.0
1581105759.434921	151.0
1581105759.5349212	111.0
1581105759.634921	112.0
1581105759.7349207	107.0
1581105759.834921	100.0
1581105759.9349208	105.0
1581105760.0349207	99.0
1581105760.1349208	111.0
1581105760.2349207	99.0
1581105760.334921	91.0
1581105760.4349205	113.0
1581105760.5349205	94.0
1581105760.6349206	119.0
1581105760.7349205	87.0
1581105760.8349206	115.0
1581105760.9349205	106.0
1581105761.0349202	114.0
1581105761.1349204	111.0
1581105761.2349203	86.0
1581105761.3349204	108.0
1581105761.4349203	125.0
1581105761.5349202	92.0
1581105761.6349201	101.0
1581105761.73492	103.0
1581105761.83492	98.0
1581105761.93492	101.0
1581105762.03492	95.0
1581105762.1349201	91.0
1581105762.23492	89.0
1581105762.3349197	97.0
1581105762.4349198	130.0
1581105762.5349197	93.0
1581105762.63492	107.0
1581105762.7349198	94.0
1581105762.8349197	106.0
1581105762.9349196	102.0
1581105763.0349195	96.0
1581105763.1349194	111.0
1581105763.2349195	102.0
1581105763.3349195	97.0
1581105763.4349196	354.0
1581105763.5349195	115.0
1581105763.6349192	93.0
1581105763.7349193	97.0
1581105763.8349192	109.0
1581105763.9349194	105.0
1581105764.0349193	94.0
1581105764.1349192	93.0
1581105764.234919	99.0
1581105764.334919	83.0
1581105764.434919	132.0
1581105764.534919	91.0
1581105764.634919	97.0
1581105764.734919	112.0
1581105764.8349187	119.0
1581105764.9349186	91.0
1581105765.0349188	114.0
1581105765.1349187	112.0
1581105765.2349188	90.0
1581105765.3349187	89.0
1581105765.4349186	153.0
1581105765.5349185	119.0
1581105765.6349185	88.0
1581105765.7349186	115.0
1581105765.8349185	94.0
1581105765.9349184	92.0
1581105766.0349185	125.0
1581105766.1349182	92.0
1581105766.2349184	100.0
1581105766.3349183	93.0
1581105766.4349182	267.0
1581105766.5349183	101.0
1581105766.6349182	99.0
1581105766.7349184	98.0
1581105766.834918	106.0
1581105766.934918	102.0
1581105767.034918	103.0
1581105767.134918	111.0
1581105767.2349179	103.0
1581105767.334918	83.0
1581105767.4349177	91.0
1581105767.5349178	99.0
1581105767.6349177	96.0
1581105767.7349176	109.0
1581105767.8349178	114.0
1581105767.9349177	110.0
1581105768.0349176	112.0
1581105768.1349175	113.0
1581105768.2349174	113.0
1581105768.3349175	101.0
1581105768.4349174	138.0
1581105768.5349176	124.0
1581105768.6349175	104.0
1581105768.7349172	104.0
1581105768.8349173	107.0
1581105768.9349172	99.0
1581105769.034917	125.0
1581105769.1349173	120.0
1581105769.2349172	108.0
1581105769.334917	114.0
1581105769.434917	190.0
1581105769.5349169	108.0
1581105769.634917	110.0
1581105769.734917	107.0
1581105769.834917	104.0
1581105769.934917	102.0
1581105770.0349166	110.0
1581105770.1349168	80.0
1581105770.2349167	113.0
1581105770.3349166	97.0
1581105770.4349167	108.0
1581105770.5349166	95.0
1581105770.6349165	97.0
1581105770.7349164	104.0
1581105770.8349164	116.0
1581105770.9349165	85.0
1581105771.0349164	98.0
1581105771.1349165	105.0
1581105771.2349162	106.0
1581105771.334916	104.0
1581105771.4349163	118.0
1581105771.5349162	107.0
1581105771.6349163	100.0
1581105771.7349162	106.0
1581105771.834916	108.0
1581105771.934916	103.0
1581105772.034916	110.0
1581105772.1349158	84.0
1581105772.234916	108.0
1581105772.3349159	104.0
1581105772.434916	123.0
1581105772.5349157	101.0
1581105772.6349156	94.0
1581105772.7349157	101.0
1581105772.8349156	124.0
1581105772.9349158	89.0
1581105773.0349157	100.0
1581105773.1349156	114.0
1581105773.2349155	118.0
1581105773.3349154	95.0
1581105773.4349155	72.0
1581105773.5349154	112.0
1581105773.6349154	127.0
1581105773.7349155	84.0
1581105773.8349152	119.0
1581105773.934915	94.0
1581105774.0349152	98.0
1581105774.134915	95.0
1581105774.2349153	99.0
1581105774.3349152	121.0
1581105774.4349148	106.0
1581105774.534915	82.0
1581105774.6349149	130.0
1581105774.734915	103.0
1581105774.834915	97.0
1581105774.9349148	88.0
1581105775.034915	96.0
1581105775.1349146	95.0
1581105775.2349145	96.0
1581105775.3349147	94.0
1581105775.4349146	226.0
1581105775.5349147	87.0
1581105775.6349146	76.0
1581105775.7349143	106.0
1581105775.8349144	116.0
1581105775.9349144	97.0
1581105776.0349145	97.0
1581105776.1349144	103.0
1581105776.2349143	103.0
1581105776.3349144	104.0
1581105776.434914	136.0
1581105776.5349143	94.0
1581105776.6349142	97.0
1581105776.734914	105.0
1581105776.8349142	130.0
1581105776.934914	83.0
1581105777.0349138	103.0
1581105777.134914	84.0
1581105777.2349138	98.0
1581105777.334914	104.0
1581105777.4349139	98.0
1581105777.5349138	87.0
1581105777.6349137	116.0
1581105777.7349136	116.0
1581105777.8349137	108.0
1581105777.9349136	97.0
1581105778.0349135	113.0
1581105778.1349137	109.0
1581105778.2349136	97.0
1581105778.3349135	103.0
1581105778.4349134	127.0
1581105778.5349133	108.0
1581105778.6349134	102.0
1581105778.7349133	88.0
1581105778.8349135	101.0
1581105778.9349132	115.0
1581105779.034913	126.0
1581105779.1349132	102.0
1581105779.234913	93.0
1581105779.334913	90.0
1581105779.4349132	290.0
1581105779.534913	95.0
1581105779.634913	93.0
1581105779.7349129	87.0
1581105779.8349128	108.0
1581105779.934913	103.0
1581105780.0349128	96.0
1581105780.134913	106.0
1581105780.2349126	105.0
1581105780.3349125	101.0
1581105780.4349127	117.0
1581105780.5349126	110.0
1581105780.6349127	86.0
1581105780.7349126	100.0
1581105780.8349123	82.0
1581105780.9349124	109.0
1581105781.0349123	107.0
1581105781.1349123	114.0
1581105781.2349124	96.0
1581105781.3349123	114.0
1581105781.4349124	469.0
1581105781.534912	106.0
1581105781.634912	114.0
1581105781.7349122	89.0
1581105781.834912	105.0
1581105781.9349122	102.0
1581105782.034912	91.0
1581105782.1349118	109.0
1581105782.234912	110.0
1581105782.3349118	92.0
1581105782.4349117	375.0
1581105782.5349119	100.0
1581105782.6349118	87.0
1581105782.734912	107.0
1581105782.8349116	97.0
1581105782.9349115	119.0
1581105783.0349116	95.0
1581105783.1349115	89.0
1581105783.2349117	92.0
1581105783.3349116	97.0
1581105783.4349113	172.0
1581105783.5349114	102.0
1581105783.6349113	93.0
1581105783.7349114	95.0
1581105783.8349113	117.0
1581105783.9349113	95.0
1581105784.0349112	100.0
1581105784.134911	93.0
1581105784.234911	100.0
1581105784.334911	105.0
1581105784.434911	268.0
1581105784.5349112	92.0
1581105784.634911	104.0
1581105784.7349107	95.0
1581105784.8349109	107.0
1581105784.9349108	85.0
1581105785.034911	75.0
1581105785.1349108	81.0
1581105785.2349107	98.0
1581105785.3349106	115.0
1581105785.4349105	174.0
1581105785.5349107	86.0
1581105785.6349106	107.0
1581105785.7349105	98.0
1581105785.8349106	116.0
1581105785.9349105	93.0
1581105786.0349102	95.0
1581105786.1349103	80.0
1581105786.2349102	76.0
1581105786.3349104	122.0
1581105786.4349103	135.0
1581105786.5349102	94.0
1581105786.63491	104.0
1581105786.73491	88.0
1581105786.8349102	85.0
1581105786.93491	91.0
1581105787.03491	105.0
1581105787.13491	102.0
1581105787.2349098	108.0
1581105787.3349097	103.0
1581105787.4349098	124.0
1581105787.5349097	91.0
1581105787.6349099	111.0
1581105787.7349098	113.0
1581105787.8349097	104.0
1581105787.9349096	105.0
1581105788.0349095	100.0
1581105788.1349096	100.0
1581105788.2349095	87.0
1581105788.3349094	104.0
1581105788.4349096	160.0
1581105788.5349092	93.0
1581105788.6349094	111.0
1581105788.7349093	92.0
1581105788.8349092	91.0
1581105788.9349093	119.0
1581105789.0349092	96.0
1581105789.1349094	86.0
1581105789.234909	112.0
1581105789.334909	106.0
1581105789.434909	101.0
1581105789.534909	92.0
1581105789.634909	104.0
1581105789.734909	99.0
1581105789.8349087	75.0
1581105789.9349089	101.0
1581105790.0349088	89.0
1581105790.1349087	103.0
1581105790.2349088	79.0
1581105790.3349087	103.0
1581105790.4349086	105.0
1581105790.5349085	84.0
1581105790.6349084	92.0
1581105790.7349086	89.0
1581105790.8349085	94.0
1581105790.9349086	114.0
1581105791.0349085	112.0
1581105791.1349082	103.0
1581105791.2349083	98.0
1581105791.3349082	81.0
1581105791.4349082	105.0
1581105791.5349083	115.0
1581105791.6349082	95.0
1581105791.734908	117.0
1581105791.834908	86.0
1581105791.934908	76.0
1581105792.034908	91.0
1581105792.134908	100.0
1581105792.234908	121.0
1581105792.334908	86.0
1581105792.4349077	107.0
1581105792.5349078	100.0
1581105792.6349077	109.0
1581105792.7349079	94.0
1581105792.8349078	89.0
1581105792.9349077	105.0
1581105793.0349076	107.0
1581105793.1349075	113.0
1581105793.2349074	93.0
1581105793.3349075	91.0
1581105793.4349074	107.0
1581105793.5349076	112.0
1581105793.6349072	105.0
1581105793.7349072	91.0
1581105793.8349073	96.0
1581105793.9349072	91.0
1581105794.0349073	83.0
1581105794.1349072	99.0
1581105794.2349072	94.0
1581105794.334907	101.0
1581105794.434907	178.0
1581105794.5349069	97.0
1581105794.634907	107.0
1581105794.734907	105.0
1581105794.834907	118.0
1581105794.9349067	96.0
1581105795.0349066	96.0
1581105795.1349068	126.0
1581105795.2349067	96.0
1581105795.3349068	78.0
1581105795.4349067	275.0
1581105795.5349066	96.0
1581105795.6349065	103.0
1581105795.7349064	105.0
1581105795.8349066	105.0
1581105795.9349065	80.0
1581105796.0349064	99.0
1581105796.1349065	96.0
1581105796.2349062	91.0
1581105796.334906	109.0
1581105796.4349062	220.0
1581105796.5349061	101.0
1581105796.6349063	102.0
1581105796.7349062	90.0
1581105796.8349059	94.0
1581105796.934906	101.0
1581105797.034906	112.0
1581105797.134906	101.0
1581105797.234906	112.0
1581105797.3349059	90.0
1581105797.434906	121.0
1581105797.5349057	105.0
1581105797.6349058	120.0
1581105797.7349057	123.0
1581105797.8349056	106.0
1581105797.9349058	94.0
1581105798.0349057	108.0
1581105798.1349053	98.0
1581105798.2349055	99.0
1581105798.3349054	101.0
1581105798.4349055	275.0
1581105798.5349054	94.0
1581105798.6349053	92.0
1581105798.7349055	103.0
1581105798.8349051	102.0
1581105798.9349053	110.0
1581105799.0349052	100.0
1581105799.134905	87.0
1581105799.2349052	101.0
1581105799.3349051	113.0
1581105799.4349048	501.0
1581105799.534905	113.0
1581105799.6349049	117.0
1581105799.734905	91.0
1581105799.834905	95.0
1581105799.9349048	101.0
1581105800.0349047	112.0
1581105800.1349046	109.0
1581105800.2349048	98.0
1581105800.3349047	117.0
1581105800.4349046	331.0
1581105800.5349047	130.0
1581105800.6349046	83.0
1581105800.7349045	92.0
1581105800.8349044	97.0
1581105800.9349043	120.0
1581105801.0349045	105.0
1581105801.1349044	113.0
1581105801.2349045	94.0
1581105801.3349042	112.0
1581105801.434904	465.0
1581105801.5349042	104.0
1581105801.6349041	93.0
1581105801.734904	77.0
1581105801.8349042	107.0
1581105801.934904	96.0
1581105802.034904	113.0
1581105802.134904	106.0
1581105802.2349038	102.0
1581105802.334904	92.0
1581105802.4349039	124.0
1581105802.534904	111.0
1581105802.6349037	111.0
1581105802.7349036	105.0
1581105802.8349037	102.0
1581105802.9349036	113.0
1581105803.0349038	88.0
1581105803.1349037	82.0
1581105803.2349033	94.0
1581105803.3349035	102.0
1581105803.4349034	90.0
1581105803.5349033	101.0
1581105803.6349034	104.0
1581105803.7349033	96.0
1581105803.8349035	98.0
1581105803.9349031	103.0
1581105804.034903	90.0
1581105804.1349032	107.0
1581105804.234903	98.0
1581105804.3349032	114.0
1581105804.4349031	251.0
1581105804.5349028	108.0
1581105804.634903	97.0
1581105804.7349029	92.0
1581105804.8349028	115.0
1581105804.934903	92.0
1581105805.0349028	102.0
1581105805.134903	99.0
1581105805.2349026	95.0
1581105805.3349025	102.0
1581105805.4349027	271.0
1581105805.5349026	119.0
1581105805.6349027	112.0
1581105805.7349026	113.0
1581105805.8349023	128.0
1581105805.9349024	128.0
1581105806.0349023	123.0
1581105806.1349025	115.0
1581105806.2349024	124.0
1581105806.3349023	104.0
1581105806.4349022	237.0
1581105806.534902	98.0
1581105806.634902	83.0
1581105806.7349021	98.0
1581105806.834902	110.0
1581105806.9349022	92.0
1581105807.034902	84.0
1581105807.1349018	96.0
1581105807.234902	82.0
1581105807.3349018	96.0
1581105807.434902	107.0
1581105807.5349019	107.0
1581105807.6349018	103.0
1581105807.7349017	94.0
1581105807.8349016	91.0
1581105807.9349017	90.0
1581105808.0349016	112.0
1581105808.1349015	118.0
1581105808.2349017	99.0
1581105808.3349016	96.0
1581105808.4349012	98.0
1581105808.5349014	86.0
1581105808.6349013	102.0
1581105808.7349014	104.0
1581105808.8349013	89.0
1581105808.9349012	108.0
1581105809.0349011	118.0
1581105809.134901	115.0
1581105809.2349012	103.0
1581105809.334901	103.0
1581105809.434901	113.0
1581105809.5349011	92.0
1581105809.6349008	113.0
1581105809.734901	97.0
1581105809.8349009	100.0
1581105809.9349008	111.0
1581105810.034901	89.0
1581105810.1349008	116.0
1581105810.234901	90.0
1581105810.3349006	85.0
1581105810.4349005	128.0
1581105810.5349007	88.0
1581105810.6349006	106.0
1581105810.7349005	94.0
1581105810.8349006	109.0
1581105810.9349003	104.0
1581105811.0349004	100.0
1581105811.1349003	116.0
1581105811.2349002	109.0
1581105811.3349004	105.0
1581105811.4349003	136.0
1581105811.5349004	101.0
1581105811.6349	95.0
1581105811.7349	98.0
1581105811.8349001	114.0
1581105811.9349	96.0
1581105812.0349	105.0
1581105812.1349	127.0
1581105812.2348998	88.0
1581105812.3349	108.0
1581105812.4348998	119.0
1581105812.5348997	88.0
1581105812.6348999	129.0
1581105812.7348998	116.0
1581105812.8348997	105.0
1581105812.9348996	101.0
1581105813.0348995	98.0
1581105813.1348996	110.0
1581105813.2348995	98.0
1581105813.3348997	105.0
1581105813.4348996	150.0
1581105813.5348992	101.0
1581105813.6348994	101.0
1581105813.7348993	111.0
1581105813.8348992	103.0
1581105813.9348993	111.0
1581105814.0348992	102.0
1581105814.1348991	96.0
1581105814.234899	109.0
1581105814.334899	119.0
1581105814.434899	250.0
1581105814.534899	112.0
1581105814.6348991	106.0
1581105814.734899	124.0
1581105814.8348987	105.0
1581105814.9348989	116.0
1581105815.0348988	109.0
1581105815.134899	120.0
1581105815.2348988	107.0
1581105815.3348987	89.0
1581105815.4348986	132.0
1581105815.5348985	107.0
1581105815.6348984	105.0
1581105815.7348986	88.0
1581105815.8348985	94.0
1581105815.9348986	109.0
1581105816.0348983	131.0
1581105816.1348982	116.0
1581105816.2348983	93.0
1581105816.3348982	104.0
1581105816.4348984	130.0
1581105816.5348983	89.0
1581105816.6348982	100.0
1581105816.734898	106.0
1581105816.834898	101.0
1581105816.934898	118.0
1581105817.034898	102.0
1581105817.134898	107.0
1581105817.234898	120.0
1581105817.3348978	111.0
1581105817.4348977	510.0
1581105817.5348978	109.0
1581105817.6348977	111.0
1581105817.7348979	96.0
1581105817.8348978	97.0
1581105817.9348977	106.0
1581105818.0348976	108.0
1581105818.1348975	91.0
1581105818.2348976	110.0
1581105818.3348975	110.0
1581105818.4348974	340.0
1581105818.5348976	114.0
1581105818.6348972	104.0
1581105818.7348971	110.0
1581105818.8348973	111.0
1581105818.9348972	86.0
1581105819.0348973	89.0
1581105819.1348972	101.0
1581105819.234897	115.0
1581105819.334897	103.0
1581105819.434897	120.0
1581105819.534897	119.0
1581105819.634897	103.0
1581105819.734897	119.0
1581105819.834897	103.0
1581105819.9348967	108.0
1581105820.0348969	113.0
1581105820.1348968	82.0
1581105820.2348967	109.0
1581105820.3348968	108.0
1581105820.4348967	658.0
1581105820.5348964	113.0
1581105820.6348965	109.0
1581105820.7348964	123.0
1581105820.8348966	109.0
1581105820.9348965	95.0
1581105821.0348964	105.0
1581105821.1348965	109.0
1581105821.2348962	109.0
1581105821.3348963	106.0
1581105821.4348962	237.0
1581105821.5348961	104.0
1581105821.6348963	90.0
1581105821.7348962	90.0
1581105821.834896	97.0
1581105821.934896	95.0
1581105822.034896	100.0
1581105822.134896	86.0
1581105822.234896	119.0
1581105822.334896	107.0
1581105822.4348958	243.0
1581105822.5348957	96.0
1581105822.6348958	94.0
1581105822.7348957	96.0
1581105822.8348956	120.0
1581105822.9348958	84.0
1581105823.0348957	117.0
1581105823.1348956	106.0
1581105823.2348955	94.0
1581105823.3348954	98.0
1581105823.4348955	258.0
1581105823.5348954	109.0
1581105823.6348956	99.0
1581105823.7348952	103.0
1581105823.8348951	97.0
1581105823.9348953	116.0
1581105824.0348952	78.0
1581105824.134895	74.0
1581105824.2348952	111.0
1581105824.3348951	87.0
1581105824.434895	168.0
1581105824.534895	94.0
1581105824.6348948	113.0
1581105824.734895	99.0
1581105824.834895	105.0
1581105824.934895	94.0
1581105825.0348947	118.0
1581105825.1348946	106.0
1581105825.2348948	93.0
1581105825.3348947	102.0
1581105825.4348948	119.0
1581105825.5348947	93.0
1581105825.6348944	109.0
1581105825.7348945	93.0
1581105825.8348944	111.0
1581105825.9348943	107.0
1581105826.0348945	113.0
1581105826.1348944	87.0
1581105826.2348945	98.0
1581105826.3348942	130.0
1581105826.434894	91.0
1581105826.5348942	117.0
1581105826.6348941	86.0
1581105826.7348943	118.0
1581105826.8348942	89.0
1581105826.9348938	97.0
1581105827.034894	112.0
1581105827.134894	96.0
1581105827.234894	97.0
1581105827.334894	98.0
1581105827.4348938	101.0
1581105827.534894	131.0
1581105827.6348937	102.0
1581105827.7348936	97.0
1581105827.8348937	91.0
1581105827.9348936	92.0
1581105828.0348938	88.0
1581105828.1348937	86.0
1581105828.2348933	94.0
1581105828.3348935	98.0
1581105828.4348934	115.0
1581105828.5348935	102.0
1581105828.6348934	115.0
1581105828.7348933	114.0
1581105828.8348932	90.0
1581105828.9348931	104.0
1581105829.034893	99.0
1581105829.1348932	105.0
1581105829.234893	86.0
1581105829.3348932	106.0
1581105829.4348931	114.0
1581105829.5348928	118.0
1581105829.634893	108.0
1581105829.7348928	97.0
1581105829.834893	97.0
1581105829.934893	100.0
1581105830.0348928	116.0
1581105830.1348927	106.0
1581105830.2348926	98.0
1581105830.3348927	91.0
1581105830.4348927	125.0
1581105830.5348926	85.0
1581105830.6348927	107.0
1581105830.7348926	83.0
1581105830.8348923	90.0
1581105830.9348924	109.0
1581105831.0348923	94.0
1581105831.1348925	97.0
1581105831.2348924	95.0
1581105831.3348923	112.0
1581105831.4348922	261.0
1581105831.534892	124.0
1581105831.6348922	86.0
1581105831.7348921	100.0
1581105831.834892	119.0
1581105831.9348922	93.0
1581105832.0348918	110.0
1581105832.134892	97.0
1581105832.234892	105.0
1581105832.3348918	109.0
1581105832.434892	127.0
1581105832.5348918	104.0
1581105832.634892	124.0
1581105832.7348917	107.0
1581105832.8348916	110.0
1581105832.9348917	97.0
1581105833.0348916	100.0
1581105833.1348915	98.0
1581105833.2348917	92.0
1581105833.3348913	102.0
1581105833.4348915	457.0
1581105833.5348914	118.0
1581105833.6348913	106.0
1581105833.7348914	99.0
1581105833.8348913	103.0
1581105833.9348915	109.0
1581105834.0348911	100.0
1581105834.134891	115.0
1581105834.2348912	102.0
1581105834.334891	95.0
1581105834.4348912	483.0
1581105834.5348911	119.0
1581105834.6348908	100.0
1581105834.734891	109.0
1581105834.8348908	92.0
1581105834.9348907	109.0
1581105835.034891	107.0
1581105835.1348908	113.0
1581105835.2348907	107.0
1581105835.3348906	101.0
1581105835.4348905	426.0
1581105835.5348907	112.0
1581105835.6348906	109.0
1581105835.7348907	124.0
1581105835.8348906	92.0
1581105835.9348903	99.0
1581105836.0348904	91.0
1581105836.1348903	90.0
1581105836.2348902	105.0
1581105836.3348904	89.0
1581105836.4348903	416.0
1581105836.5348902	94.0
1581105836.63489	102.0
1581105836.73489	94.0
1581105836.8348901	100.0
1581105836.93489	103.0
1581105837.0348902	107.0
1581105837.13489	81.0
1581105837.2348897	101.0
1581105837.33489	105.0
1581105837.4348898	125.0
1581105837.53489	115.0
1581105837.6348898	109.0
1581105837.7348897	111.0
1581105837.8348897	91.0
1581105837.9348896	116.0
1581105838.0348895	93.0
1581105838.1348896	97.0
1581105838.2348895	115.0
1581105838.3348897	124.0
1581105838.4348893	160.0
1581105838.5348892	109.0
1581105838.6348894	104.0
1581105838.7348893	104.0
1581105838.8348894	103.0
1581105838.9348893	107.0
1581105839.0348892	102.0
1581105839.1348891	104.0
1581105839.234889	94.0
1581105839.3348892	101.0
1581105839.434889	402.0
1581105839.534889	105.0
1581105839.6348891	94.0
1581105839.7348888	111.0
1581105839.8348887	87.0
1581105839.9348888	103.0
1581105840.0348887	102.0
1581105840.134889	110.0
1581105840.2348888	107.0
1581105840.3348887	113.0
1581105840.4348886	158.0
1581105840.5348885	95.0
1581105840.6348886	103.0
1581105840.7348886	110.0
1581105840.8348885	116.0
1581105840.9348886	120.0
1581105841.0348883	110.0
1581105841.1348882	98.0
1581105841.2348883	86.0
1581105841.3348882	104.0
1581105841.4348884	275.0
1581105841.5348883	110.0
1581105841.634888	96.0
1581105841.734888	112.0
1581105841.834888	97.0
1581105841.9348881	120.0
1581105842.034888	102.0
1581105842.134888	106.0
1581105842.234888	90.0
1581105842.3348877	88.0
1581105842.434888	162.0
1581105842.5348878	105.0
1581105842.6348877	107.0
1581105842.7348878	98.0
1581105842.8348877	115.0
1581105842.9348874	119.0
1581105843.0348876	99.0
1581105843.1348875	106.0
1581105843.2348876	120.0
1581105843.3348875	92.0
1581105843.4348874	409.0
1581105843.5348876	91.0
1581105843.6348872	100.0
1581105843.7348874	92.0
1581105843.8348873	98.0
1581105843.9348872	94.0
1581105844.0348873	125.0
1581105844.1348872	111.0
1581105844.2348871	97.0
1581105844.334887	106.0
1581105844.434887	117.0
1581105844.534887	114.0
1581105844.634887	89.0
1581105844.7348871	102.0
1581105844.8348868	93.0
1581105844.9348867	86.0
1581105845.0348868	96.0
1581105845.1348867	119.0
1581105845.2348866	121.0
1581105845.3348868	109.0
1581105845.4348867	106.0
1581105845.5348866	106.0
1581105845.6348865	99.0
1581105845.7348864	110.0
1581105845.8348866	118.0
1581105845.9348865	130.0
1581105846.0348866	92.0
1581105846.1348863	99.0
1581105846.2348862	122.0
1581105846.3348863	91.0
1581105846.4348862	127.0
1581105846.5348864	115.0
1581105846.6348863	106.0
1581105846.7348862	108.0
1581105846.834886	94.0
1581105846.934886	88.0
1581105847.034886	114.0
1581105847.134886	94.0
1581105847.234886	93.0
1581105847.334886	100.0
1581105847.4348857	120.0
1581105847.5348856	110.0
1581105847.6348858	111.0
1581105847.7348857	109.0
1581105847.8348858	111.0
1581105847.9348857	114.0
1581105848.0348854	99.0
1581105848.1348855	98.0
1581105848.2348855	107.0
1581105848.3348854	93.0
1581105848.4348855	132.0
1581105848.5348854	104.0
1581105848.6348855	93.0
1581105848.7348852	102.0
1581105848.8348851	89.0
1581105848.9348853	107.0
1581105849.0348852	92.0
1581105849.1348853	94.0
1581105849.2348852	114.0
1581105849.334885	112.0
1581105849.434885	109.0
1581105849.534885	82.0
1581105849.634885	97.0
1581105849.734885	105.0
1581105849.834885	111.0
1581105849.934885	107.0
1581105850.0348847	100.0
1581105850.1348846	101.0
1581105850.2348847	108.0
1581105850.3348846	111.0
1581105850.4348848	387.0
1581105850.5348847	105.0
1581105850.6348844	94.0
1581105850.7348845	96.0
1581105850.8348844	93.0
1581105850.9348845	89.0
1581105851.0348845	105.0
1581105851.1348844	93.0
1581105851.2348843	101.0
1581105851.3348842	81.0
1581105851.4348843	171.0
1581105851.5348842	100.0
1581105851.634884	105.0
1581105851.7348843	82.0
1581105851.8348842	84.0
1581105851.9348838	107.0
1581105852.034884	93.0
1581105852.1348839	84.0
1581105852.234884	109.0
1581105852.334884	96.0
1581105852.4348838	300.0
1581105852.5348837	93.0
1581105852.6348836	99.0
1581105852.7348838	109.0
1581105852.8348837	106.0
1581105852.9348836	96.0
1581105853.0348837	96.0
1581105853.1348836	93.0
1581105853.2348833	95.0
1581105853.3348835	115.0
1581105853.4348834	190.0
1581105853.5348835	101.0
1581105853.6348834	114.0
1581105853.7348833	112.0
1581105853.8348832	101.0
1581105853.934883	103.0
1581105854.0348833	97.0
1581105854.1348832	84.0
1581105854.234883	100.0
1581105854.3348832	87.0
1581105854.4348829	96.0
1581105854.534883	92.0
1581105854.634883	100.0
1581105854.7348828	105.0
1581105854.834883	95.0
1581105854.9348829	106.0
1581105855.034883	111.0
1581105855.1348827	103.0
1581105855.2348826	108.0
1581105855.3348827	82.0
1581105855.4348826	217.0
1581105855.5348825	94.0
1581105855.6348827	91.0
1581105855.7348824	114.0
1581105855.8348825	96.0
1581105855.9348824	97.0
1581105856.0348823	98.0
1581105856.1348825	105.0
1581105856.2348824	80.0
1581105856.3348825	89.0
1581105856.4348822	129.0
1581105856.534882	110.0
1581105856.6348822	110.0
1581105856.734882	96.0
1581105856.8348823	94.0
1581105856.9348822	99.0
1581105857.0348818	105.0
1581105857.134882	97.0
1581105857.2348819	99.0
1581105857.3348818	99.0
1581105857.434882	218.0
1581105857.5348818	110.0
1581105857.6348817	102.0
1581105857.7348816	101.0
1581105857.8348815	96.0
1581105857.9348817	120.0
1581105858.0348816	100.0
1581105858.1348817	109.0
1581105858.2348816	95.0
1581105858.3348813	98.0
1581105858.4348814	165.0
1581105858.5348814	86.0
1581105858.6348815	74.0
1581105858.7348814	96.0
1581105858.8348813	101.0
1581105858.9348812	93.0
1581105859.034881	82.0
1581105859.134881	105.0
1581105859.2348812	108.0
1581105859.334881	105.0
1581105859.4348812	93.0
1581105859.534881	98.0
1581105859.6348808	82.0
1581105859.734881	96.0
1581105859.8348808	105.0
1581105859.934881	106.0
1581105860.0348809	105.0
1581105860.1348808	105.0
1581105860.2348807	93.0
1581105860.3348806	90.0
1581105860.4348805	172.0
1581105860.5348806	113.0
1581105860.6348805	97.0
1581105860.7348807	96.0
1581105860.8348804	70.0
1581105860.9348803	96.0
1581105861.0348804	126.0
1581105861.1348803	107.0
1581105861.2348804	101.0
1581105861.3348804	81.0
1581105861.4348803	123.0
1581105861.5348802	84.0
1581105861.63488	86.0
1581105861.7348802	102.0
1581105861.83488	101.0
1581105861.93488	106.0
1581105862.0348802	101.0
1581105862.1348798	127.0
1581105862.2348797	96.0
1581105862.3348799	112.0
1581105862.4348798	219.0
1581105862.53488	94.0
1581105862.6348798	86.0
1581105862.7348797	87.0
1581105862.8348796	84.0
1581105862.9348795	100.0
1581105863.0348797	109.0
1581105863.1348796	100.0
1581105863.2348795	99.0
1581105863.3348796	83.0
1581105863.4348793	113.0
1581105863.5348794	90.0
1581105863.6348794	118.0
1581105863.7348793	99.0
1581105863.8348794	102.0
1581105863.9348793	98.0
1581105864.034879	98.0
1581105864.134879	113.0
1581105864.234879	87.0
1581105864.3348792	75.0
1581105864.434879	110.0
1581105864.534879	132.0
1581105864.634879	99.0
1581105864.7348788	102.0
1581105864.834879	99.0
1581105864.9348788	103.0
1581105865.0348787	95.0
1581105865.1348789	112.0
1581105865.2348788	93.0
1581105865.3348784	104.0
1581105865.4348786	130.0
1581105865.5348785	119.0
1581105865.6348786	90.0
1581105865.7348785	88.0
1581105865.8348784	96.0
1581105865.9348786	105.0
1581105866.0348783	96.0
1581105866.1348784	118.0
1581105866.2348783	117.0
1581105866.3348782	83.0
1581105866.4348783	226.0
1581105866.5348783	88.0
1581105866.6348782	94.0
1581105866.734878	96.0
1581105866.834878	98.0
1581105866.934878	89.0
1581105867.034878	114.0
1581105867.1348782	91.0
1581105867.2348778	125.0
1581105867.3348777	119.0
1581105867.4348779	139.0
1581105867.5348778	100.0
1581105867.6348777	117.0
1581105867.7348778	96.0
1581105867.8348777	105.0
1581105867.9348776	96.0
1581105868.0348775	122.0
1581105868.1348774	95.0
1581105868.2348776	87.0
1581105868.3348775	114.0
1581105868.4348776	167.0
1581105868.5348773	115.0
1581105868.6348772	111.0
1581105868.7348773	106.0
1581105868.8348773	94.0
1581105868.9348774	109.0
1581105869.0348773	126.0
1581105869.1348772	99.0
1581105869.234877	100.0
1581105869.334877	92.0
1581105869.434877	104.0
1581105869.534877	101.0
1581105869.634877	97.0
1581105869.734877	106.0
1581105869.8348768	88.0
1581105869.9348767	90.0
1581105870.0348768	84.0
1581105870.1348767	83.0
1581105870.2348769	105.0
1581105870.3348768	119.0
1581105870.4348764	106.0
1581105870.5348766	100.0
1581105870.6348765	112.0
1581105870.7348766	122.0
1581105870.8348765	98.0
1581105870.9348764	116.0
1581105871.0348766	104.0
1581105871.1348763	105.0
1581105871.2348762	89.0
1581105871.3348763	110.0
1581105871.4348762	316.0
1581105871.5348763	109.0
1581105871.6348763	103.0
1581105871.734876	100.0
1581105871.834876	93.0
1581105871.934876	98.0
1581105872.034876	102.0
1581105872.134876	81.0
1581105872.234876	111.0
1581105872.334876	90.0
1581105872.4348757	161.0
1581105872.5348756	123.0
1581105872.6348758	88.0
1581105872.7348757	110.0
1581105872.8348758	92.0
1581105872.9348757	107.0
1581105873.0348754	105.0
1581105873.1348755	88.0
1581105873.2348754	100.0
1581105873.3348756	106.0
1581105873.4348755	151.0
1581105873.5348754	109.0
1581105873.6348753	110.0
1581105873.7348752	102.0
1581105873.8348753	98.0
1581105873.9348752	107.0
1581105874.0348752	96.0
1581105874.1348753	111.0
1581105874.2348752	111.0
1581105874.3348749	112.0
1581105874.434875	132.0
1581105874.534875	111.0
1581105874.634875	115.0
1581105874.734875	112.0
1581105874.8348749	107.0
1581105874.9348748	95.0
1581105875.0348747	113.0
1581105875.1348748	116.0
1581105875.2348747	98.0
1581105875.3348746	123.0
1581105875.4348748	124.0
1581105875.5348747	93.0
1581105875.6348746	101.0
1581105875.7348745	101.0
1581105875.8348744	102.0
1581105875.9348745	107.0
1581105876.0348744	101.0
1581105876.1348746	94.0
1581105876.2348742	92.0
1581105876.3348742	108.0
1581105876.4348743	113.0
1581105876.5348742	103.0
1581105876.634874	104.0
1581105876.7348742	96.0
1581105876.834874	92.0
1581105876.934874	114.0
1581105877.034874	93.0
1581105877.1348739	81.0
1581105877.234874	94.0
1581105877.334874	116.0
1581105877.434874	86.0
1581105877.5348737	121.0
1581105877.6348736	94.0
1581105877.7348738	85.0
1581105877.8348737	106.0
1581105877.9348736	105.0
1581105878.0348737	115.0
1581105878.1348734	99.0
1581105878.2348735	87.0
1581105878.3348734	105.0
1581105878.4348733	398.0
1581105878.5348735	110.0
1581105878.6348734	109.0
1581105878.7348735	98.0
1581105878.8348732	111.0
1581105878.934873	90.0
1581105879.0348732	92.0
1581105879.1348732	98.0
1581105879.2348733	94.0
1581105879.3348732	104.0
1581105879.4348729	146.0
1581105879.534873	97.0
1581105879.634873	95.0
1581105879.7348728	87.0
1581105879.834873	75.0
1581105879.9348729	121.0
1581105880.0348728	96.0
1581105880.1348727	106.0
1581105880.2348726	98.0
1581105880.3348727	94.0
1581105880.4348726	121.0
1581105880.5348728	112.0
1581105880.6348727	88.0
1581105880.7348723	102.0
1581105880.8348725	110.0
1581105880.9348724	85.0
1581105881.0348725	99.0
1581105881.1348724	97.0
1581105881.2348723	98.0
1581105881.3348722	105.0
1581105881.4348722	159.0
1581105881.534872	104.0
1581105881.6348722	95.0
1581105881.734872	72.0
1581105881.8348722	114.0
1581105881.9348722	102.0
1581105882.0348718	93.0
1581105882.134872	99.0
1581105882.2348719	121.0
1581105882.334872	98.0
1581105882.434872	98.0
1581105882.5348718	100.0
1581105882.6348717	117.0
1581105882.7348716	98.0
1581105882.8348718	102.0
1581105882.9348717	98.0
1581105883.0348716	102.0
1581105883.1348717	122.0
1581105883.2348714	94.0
1581105883.3348713	112.0
1581105883.4348714	110.0
1581105883.5348713	104.0
1581105883.6348715	92.0
1581105883.7348714	106.0
1581105883.8348713	112.0
1581105883.9348712	100.0
1581105884.034871	104.0
1581105884.1348712	93.0
1581105884.2348711	114.0
1581105884.334871	91.0
1581105884.4348712	235.0
1581105884.5348709	91.0
1581105884.6348708	102.0
1581105884.734871	97.0
1581105884.8348708	96.0
1581105884.934871	103.0
1581105885.0348709	116.0
1581105885.1348708	112.0
1581105885.2348707	112.0
1581105885.3348706	98.0
1581105885.4348707	117.0
1581105885.5348706	101.0
1581105885.6348705	104.0
1581105885.7348707	115.0
1581105885.8348703	105.0
1581105885.9348705	106.0
1581105886.0348704	104.0
1581105886.1348703	101.0
1581105886.2348704	101.0
1581105886.3348703	97.0
1581105886.43487	196.0
1581105886.5348701	100.0
1581105886.63487	105.0
1581105886.7348702	100.0
1581105886.83487	87.0
1581105886.93487	122.0
1581105887.0348701	95.0
1581105887.1348698	96.0
1581105887.23487	77.0
1581105887.3348699	93.0
1581105887.4348698	235.0
1581105887.53487	102.0
1581105887.6348698	113.0
1581105887.7348697	83.0
1581105887.8348696	95.0
1581105887.9348695	98.0
1581105888.0348697	120.0
1581105888.1348696	109.0
1581105888.2348697	97.0
1581105888.3348696	100.0
1581105888.4348693	173.0
1581105888.5348694	127.0
1581105888.6348693	107.0
1581105888.7348692	102.0
1581105888.8348694	99.0
1581105888.9348693	95.0
1581105889.0348692	107.0
1581105889.134869	97.0
1581105889.234869	109.0
1581105889.3348691	99.0
1581105889.434869	204.0
1581105889.5348692	91.0
1581105889.6348689	96.0
1581105889.7348688	110.0
1581105889.834869	83.0
1581105889.9348688	98.0
1581105890.0348687	102.0
1581105890.1348689	114.0
1581105890.2348688	124.0
1581105890.3348687	74.0
1581105890.4348686	119.0
1581105890.5348685	95.0
1581105890.6348686	111.0
1581105890.7348685	104.0
1581105890.8348687	107.0
1581105890.9348683	97.0
1581105891.0348682	104.0
1581105891.1348684	102.0
1581105891.2348683	97.0
1581105891.3348684	88.0
1581105891.4348683	137.0
1581105891.5348682	109.0
1581105891.6348681	109.0
1581105891.734868	94.0
1581105891.834868	102.0
1581105891.934868	98.0
1581105892.034868	80.0
1581105892.1348681	92.0
1581105892.2348678	105.0
1581105892.3348677	103.0
1581105892.4348679	124.0
1581105892.5348678	89.0
1581105892.634868	80.0
1581105892.7348678	97.0
1581105892.8348675	96.0
1581105892.9348676	102.0
1581105893.0348675	100.0
1581105893.1348677	93.0
1581105893.2348676	92.0
1581105893.3348675	95.0
1581105893.4348676	103.0
1581105893.5348673	90.0
1581105893.6348672	92.0
1581105893.7348673	102.0
1581105893.8348672	93.0
1581105893.9348674	87.0
1581105894.0348673	111.0
1581105894.134867	86.0
1581105894.234867	85.0
1581105894.334867	101.0
1581105894.4348671	121.0
1581105894.534867	83.0
1581105894.634867	91.0
1581105894.734867	87.0
1581105894.8348668	105.0
1581105894.934867	111.0
1581105895.0348668	93.0
1581105895.1348667	96.0
1581105895.2348669	89.0
1581105895.3348668	106.0
1581105895.4348664	118.0
1581105895.5348666	107.0
1581105895.6348665	99.0
1581105895.7348666	86.0
1581105895.8348665	92.0
1581105895.9348664	102.0
1581105896.0348663	95.0
1581105896.1348662	97.0
1581105896.2348664	109.0
1581105896.3348663	86.0
1581105896.4348662	101.0
1581105896.5348663	101.0
1581105896.6348662	103.0
1581105896.734866	105.0
1581105896.834866	111.0
1581105896.934866	95.0
1581105897.034866	107.0
1581105897.134866	100.0
1581105897.234866	108.0
1581105897.3348658	116.0
1581105897.4348657	290.0
1581105897.5348659	94.0
1581105897.6348658	115.0
1581105897.7348657	105.0
1581105897.8348658	108.0
1581105897.9348657	77.0
1581105898.0348656	98.0
1581105898.1348655	113.0
1581105898.2348654	111.0
1581105898.3348656	112.0
1581105898.4348655	160.0
1581105898.5348656	111.0
1581105898.6348653	89.0
1581105898.7348652	84.0
1581105898.8348653	107.0
1581105898.9348652	93.0
1581105899.0348651	86.0
1581105899.1348653	93.0
1581105899.234865	87.0
1581105899.334865	95.0
1581105899.434865	228.0
1581105899.534865	122.0
1581105899.634865	98.0
1581105899.734865	112.0
1581105899.834865	101.0
1581105899.9348648	107.0
1581105900.0348647	111.0
1581105900.1348648	107.0
1581105900.2348647	92.0
1581105900.3348649	102.0
1581105900.4348648	123.0
1581105900.5348644	95.0
1581105900.6348646	101.0
1581105900.7348645	100.0
1581105900.8348644	126.0
1581105900.9348645	126.0
1581105901.0348644	95.0
1581105901.1348646	125.0
1581105901.2348642	79.0
1581105901.3348641	86.0
1581105901.4348643	96.0
1581105901.5348642	113.0
1581105901.6348643	108.0
1581105901.7348642	110.0
1581105901.834864	108.0
1581105901.934864	100.0
1581105902.034864	106.0
1581105902.1348639	114.0
1581105902.234864	94.0
1581105902.334864	99.0
1581105902.4348638	230.0
1581105902.5348637	97.0
1581105902.6348636	103.0
1581105902.7348638	90.0
1581105902.8348637	103.0
1581105902.9348638	92.0
1581105903.0348637	101.0
1581105903.1348634	100.0
1581105903.2348635	126.0
1581105903.3348634	94.0
1581105903.4348636	116.0
1581105903.5348635	109.0
1581105903.6348634	112.0
1581105903.7348633	85.0
1581105903.8348632	110.0
1581105903.934863	100.0
1581105904.0348632	104.0
1581105904.1348631	101.0
1581105904.2348633	102.0
1581105904.3348632	84.0
1581105904.4348629	115.0
1581105904.534863	87.0
1581105904.634863	112.0
1581105904.734863	112.0
1581105904.834863	99.0
1581105904.9348629	93.0
1581105905.0348628	100.0
1581105905.1348627	107.0
1581105905.2348628	97.0
1581105905.3348627	88.0
1581105905.4348626	315.0
1581105905.5348628	108.0
1581105905.6348624	115.0
1581105905.7348623	120.0
1581105905.8348625	101.0
1581105905.9348624	102.0
1581105906.0348625	105.0
1581105906.1348624	91.0
1581105906.2348623	113.0
1581105906.3348622	85.0
1581105906.4348621	142.0
1581105906.5348623	91.0
1581105906.6348622	92.0
1581105906.734862	79.0
1581105906.8348622	99.0
1581105906.934862	87.0
1581105907.034862	85.0
1581105907.134862	108.0
1581105907.2348619	94.0
1581105907.334862	100.0
1581105907.434862	136.0
1581105907.534862	113.0
1581105907.6348617	105.0
1581105907.7348616	95.0
1581105907.8348618	113.0
1581105907.9348617	88.0
1581105908.0348616	110.0
1581105908.1348617	100.0
1581105908.2348614	97.0
1581105908.3348615	102.0
1581105908.4348614	147.0
1581105908.5348613	102.0
1581105908.6348615	108.0
1581105908.7348614	111.0
1581105908.834861	101.0
1581105908.9348612	106.0
1581105909.034861	108.0
1581105909.1348612	109.0
1581105909.2348611	106.0
1581105909.334861	99.0
1581105909.4348612	105.0
1581105909.5348608	109.0
1581105909.634861	97.0
1581105909.734861	115.0
1581105909.8348608	88.0
1581105909.934861	114.0
1581105910.0348608	115.0
1581105910.1348608	94.0
1581105910.2348607	103.0
1581105910.3348606	103.0
1581105910.4348607	103.0
1581105910.5348606	107.0
1581105910.6348608	113.0
1581105910.7348607	95.0
1581105910.8348603	87.0
1581105910.9348605	101.0
1581105911.0348604	91.0
1581105911.1348603	112.0
1581105911.2348604	125.0
1581105911.3348603	103.0
1581105911.4348602	107.0
1581105911.5348601	95.0
1581105911.63486	88.0
1581105911.7348602	108.0
1581105911.83486	66.0
1581105911.9348602	110.0
1581105912.03486	98.0
1581105912.1348598	95.0
1581105912.23486	103.0
1581105912.3348598	97.0
1581105912.43486	107.0
1581105912.53486	104.0
1581105912.6348598	116.0
1581105912.7348597	111.0
1581105912.8348596	92.0
1581105912.9348595	95.0
1581105913.0348597	100.0
1581105913.1348596	94.0
1581105913.2348597	100.0
1581105913.3348594	94.0
1581105913.4348593	272.0
1581105913.5348594	104.0
1581105913.6348593	100.0
1581105913.7348595	102.0
1581105913.8348594	97.0
1581105913.9348593	107.0
1581105914.0348592	93.0
1581105914.134859	105.0
1581105914.234859	109.0
1581105914.3348591	86.0
1581105914.434859	147.0
1581105914.5348592	109.0
1581105914.6348588	98.0
1581105914.7348588	94.0
1581105914.834859	86.0
1581105914.9348588	101.0
1581105915.034859	110.0
1581105915.1348588	102.0
1581105915.2348585	116.0
1581105915.3348587	106.0
1581105915.4348586	234.0
1581105915.5348587	115.0
1581105915.6348586	96.0
1581105915.7348585	94.0
1581105915.8348587	110.0
1581105915.9348583	105.0
1581105916.0348582	92.0
1581105916.1348584	107.0
1581105916.2348583	108.0
1581105916.3348584	86.0
1581105916.4348583	143.0
1581105916.534858	94.0
1581105916.6348581	105.0
1581105916.734858	94.0
1581105916.8348582	110.0