# <?xml version="1.0" ?>
# <DataFileHeader>
#   <Variables>
#     <ColumnSpec>x, y</ColumnSpec>
#     <Element name="comment" type="str"></Element>
#     <Element name="counter" type="str">Plot 2</Element>
#     <Element name="name" type="str"></Element>
#     <Element name="traceCreation" type="datetime">2020-07-24 19:52:18.791955+00:00</Element>
#     <TracePlottingList>
#       <TracePlotting _bottomColumn="bottom" _filtColumn="None" _fitFunction="None" _heightColumn="height" _rawColumn="raw" _topColumn="top" _xColumn="x" _yColumn="y" fill="True" name="Counter 0" properties="&lt;trace.PlottedTrace.PlottedTraceProperties object at 0x00000175EE10ADA0&gt;" style="0" type="0" windowName="None" xAxisLabel="None" xAxisUnit="None" yAxisLabel="None">
#         <PlottedTraceProperties averageSameX="False" averageType="None" combinePoints="0"/>
#       </TracePlotting>
#     </TracePlottingList>
#   </Variables>
# </DataFileHeader>
1595620330.239597	1124.0
1595620330.2645974	1180.0
1595620330.2895973	1142.0
1595620330.3145971	1151.0
1595620330.3395972	1151.0
1595620330.364597	1099.0
1595620330.389597	1228.0
1595620330.414597	1094.0
1595620330.439597	1187.0
1595620330.4645967	1136.0
1595620330.4895968	1161.0
1595620330.5145967	1111.0
1595620330.5395968	1096.0
1595620330.564597	1168.0
1595620330.5895967	1118.0
1595620330.6145966	1124.0
1595620330.6395967	1147.0
1595620330.6645966	1167.0
1595620330.6895964	1133.0
1595620330.7145965	1185.0
1595620330.7395964	1184.0
1595620330.7645962	1126.0
1595620330.7895963	1079.0
1595620330.8145964	1179.0
1595620330.8395963	1104.0
1595620330.8645964	1183.0
1595620330.8895962	1050.0
1595620330.914596	1094.0
1595620330.9395962	1213.0
1595620330.964596	1147.0
1595620330.989596	1193.0
1595620331.014596	1125.0
1595620331.0395958	1082.0
1595620331.0645962	1201.0
1595620331.089596	1149.0
1595620331.114596	1159.0
1595620331.139596	1131.0
1595620331.1645958	1103.0
1595620331.1895957	1111.0
1595620331.2145958	1156.0
1595620331.2395957	1154.0
1595620331.2645955	1110.0
1595620331.2895956	1133.0
1595620331.3145955	1152.0
1595620331.3395956	1146.0
1595620331.3645957	1136.0
1595620331.3895955	1090.0
1595620331.4145954	1151.0
1595620331.4395955	1122.0
1595620331.4645953	1164.0
1595620331.4895952	1104.0
1595620331.5145953	1148.0
1595620331.5395951	1134.0
1595620331.564595	1188.0
1595620331.589595	1173.0
1595620331.6145952	1119.0
1595620331.639595	1165.0
1595620331.6645951	1176.0
1595620331.689595	1151.0
1595620331.7145948	1131.0
1595620331.739595	1151.0
1595620331.7645948	1126.0
1595620331.7895947	1154.0
1595620331.8145947	1118.0
1595620331.8395946	1167.0
1595620331.8645947	1135.0
1595620331.8895948	1147.0
1595620331.9145947	1076.0
1595620331.9395945	1175.0
1595620331.9645946	1161.0
1595620331.9895945	1092.0
1595620332.0145943	1180.0
1595620332.0395944	1210.0
1595620332.0645943	1119.0
1595620332.0895941	1182.0
1595620332.1145942	1095.0
1595620332.1395943	1130.0
1595620332.1645942	1131.0
1595620332.1895943	1225.0
1595620332.2145941	1183.0
1595620332.239594	1148.0
1595620332.264594	1129.0
1595620332.289594	1143.0
1595620332.3145938	1195.0
1595620332.339594	1141.0
1595620332.3645937	1207.0
1595620332.3895936	1095.0
1595620332.414594	1169.0
1595620332.4395938	1167.0
1595620332.4645936	1153.0
1595620332.4895937	1125.0
1595620332.5145936	1153.0
1595620332.5395935	1127.0
1595620332.5645936	1150.0
1595620332.5895934	1213.0
1595620332.6145933	1171.0
1595620332.6395934	1189.0
1595620332.6645935	1120.0
1595620332.6895936	1183.0
1595620332.7145934	1148.0
1595620332.7395933	1192.0
1595620332.7645934	1217.0
1595620332.7895932	1143.0
1595620332.814593	1172.0
1595620332.8395932	1074.0
1595620332.864593	1156.0
1595620332.889593	1133.0
1595620332.914593	1188.0
1595620332.939593	1066.0
1595620332.964593	1194.0
1595620332.989593	1156.0
1595620333.014593	1175.0
1595620333.0395927	1202.0
1595620333.0645928	1160.0
1595620333.0895927	1154.0
1595620333.1145926	1168.0
1595620333.1395926	1140.0
1595620333.1645925	1207.0
1595620333.1895924	1127.0
1595620333.2145927	1123.0
1595620333.2395926	1125.0
1595620333.2645924	1153.0
1595620333.2895925	1169.0
1595620333.3145924	1150.0
1595620333.3395922	1137.0
1595620333.3645923	1138.0
1595620333.3895922	1147.0
1595620333.414592	1149.0
1595620333.4395921	1144.0
1595620333.4645922	1139.0
1595620333.489592	1126.0
1595620333.5145922	1111.0
1595620333.539592	1150.0
1595620333.564592	1146.0
1595620333.589592	1190.0
1595620333.6145918	1131.0
1595620333.6395917	1178.0
1595620333.6645918	1155.0
1595620333.6895916	1164.0
1595620333.7145915	1138.0
1595620333.7395918	1100.0
1595620333.7645917	1147.0
1595620333.7895916	1133.0
1595620333.8145916	1113.0
1595620333.8395915	1143.0
1595620333.8645914	1210.0
1595620333.8895915	1065.0
1595620333.9145913	1140.0
1595620333.9395912	1128.0
1595620333.9645913	1167.0
1595620333.9895911	1139.0
1595620334.0145912	1164.0
1595620334.0395913	1162.0
1595620334.0645912	1129.0
1595620334.089591	1237.0
1595620334.1145911	1134.0
1595620334.139591	1144.0
1595620334.1645908	1154.0
1595620334.189591	1187.0
1595620334.2145908	1176.0
1595620334.2395906	1158.0
1595620334.264591	1127.0
1595620334.2895908	1117.0
1595620334.314591	1122.0
1595620334.3395908	1153.0
1595620334.3645906	1151.0
1595620334.3895907	1151.0
1595620334.4145906	1152.0
1595620334.4395905	1117.0
1595620334.4645905	1175.0
1595620334.4895904	1103.0
1595620334.5145903	1141.0
1595620334.5395906	1086.0
1595620334.5645905	1105.0
1595620334.5895903	1156.0
1595620334.6145904	1161.0
1595620334.6395903	1166.0
1595620334.6645901	1166.0
1595620334.6895902	1180.0
1595620334.71459	1175.0
1595620334.73959	1161.0
1595620334.76459	1158.0
1595620334.78959	1151.0
1595620334.81459	1194.0
1595620334.83959	1149.0
1595620334.86459	1142.0
1595620334.8895898	1216.0
1595620334.91459	1158.0
1595620334.9395897	1139.0
1595620334.9645896	1103.0
1595620334.9895897	1169.0
1595620335.0145895	1138.0
1595620335.0395894	1161.0
1595620335.0645897	1221.0
1595620335.0895896	1153.0
1595620335.1145895	1163.0
1595620335.1395895	1138.0
1595620335.1645894	1170.0
1595620335.1895893	1082.0
1595620335.2145894	1168.0
1595620335.2395892	1211.0
1595620335.264589	1133.0
1595620335.2895892	1151.0
1595620335.314589	1161.0
1595620335.339589	1170.0
1595620335.3645892	1184.0
1595620335.389589	1175.0
1595620335.414589	1141.0
1595620335.439589	1104.0
1595620335.4645889	1107.0
1595620335.4895887	1155.0
1595620335.5145888	1178.0
1595620335.5395887	1175.0
1595620335.5645885	1172.0
1595620335.5895886	1117.0
1595620335.6145887	1103.0
1595620335.6395886	1187.0
1595620335.6645887	1088.0
1595620335.6895885	1106.0
1595620335.7145884	1133.0
1595620335.7395885	1139.0
1595620335.7645884	1157.0
1595620335.7895882	1131.0
1595620335.8145883	1157.0
1595620335.8395882	1150.0
1595620335.8645885	1155.0
1595620335.8895884	1155.0
1595620335.9145882	1141.0
1595620335.9395883	1130.0
1595620335.9645882	1230.0
1595620335.989588	1170.0
1595620336.014588	1136.0
1595620336.039588	1178.0
1595620336.0645878	1141.0
1595620336.089588	1132.0
1595620336.1145878	1154.0
1595620336.1395879	1130.0
1595620336.164588	1124.0
1595620336.1895878	1105.0
1595620336.2145877	1161.0
1595620336.2395878	1128.0
1595620336.2645876	1115.0
1595620336.2895875	1123.0
1595620336.3145876	1127.0
1595620336.3395875	1188.0
1595620336.3645873	1094.0
1595620336.3895874	1150.0
1595620336.4145875	1135.0
1595620336.4395874	1152.0
1595620336.4645875	1097.0
1595620336.4895873	1181.0
1595620336.5145872	1094.0
1595620336.5395873	1164.0
1595620336.564587	1139.0
1595620336.589587	1117.0
1595620336.614587	1146.0
1595620336.639587	1147.0
1595620336.664587	1143.0
1595620336.689587	1213.0
1595620336.714587	1163.0
1595620336.7395868	1140.0
1595620336.764587	1130.0
1595620336.7895868	1220.0
1595620336.8145866	1086.0
1595620336.8395867	1141.0
1595620336.8645866	1123.0
1595620336.8895864	1131.0
1595620336.9145865	1136.0
1595620336.9395866	1092.0
1595620336.9645865	1133.0
1595620336.9895866	1168.0
1595620337.0145864	1161.0
1595620337.0395863	1170.0
1595620337.0645864	1141.0
1595620337.0895863	1097.0
1595620337.114586	1170.0
1595620337.1395862	1158.0
1595620337.164586	1172.0
1595620337.189586	1201.0
1595620337.2145863	1132.0
1595620337.239586	1121.0
1595620337.264586	1230.0
1595620337.289586	1187.0
1595620337.314586	1158.0
1595620337.3395858	1115.0
1595620337.3645859	1138.0
1595620337.3895857	1130.0
1595620337.4145856	1094.0
1595620337.4395857	1120.0
1595620337.4645858	1130.0
1595620337.4895859	1180.0
1595620337.5145857	1098.0
1595620337.5395856	1152.0
1595620337.5645857	1168.0
1595620337.5895855	1155.0
1595620337.6145854	1141.0
1595620337.6395855	1148.0
1595620337.6645854	1138.0
1595620337.6895852	1129.0
1595620337.7145853	1159.0
1595620337.7395854	1151.0
1595620337.7645853	1106.0
1595620337.7895854	1129.0
1595620337.8145852	1206.0
1595620337.839585	1135.0
1595620337.8645852	1134.0
1595620337.889585	1142.0
1595620337.9145849	1127.0
1595620337.939585	1157.0
1595620337.9645848	1195.0
1595620337.9895847	1181.0
1595620338.014585	1149.0
1595620338.0395849	1164.0
1595620338.0645847	1096.0
1595620338.0895848	1098.0
1595620338.1145847	1132.0
1595620338.1395845	1113.0
1595620338.1645846	1153.0
1595620338.1895845	1117.0
1595620338.2145844	1147.0
1595620338.2395844	1208.0
1595620338.2645845	1181.0
1595620338.2895844	1170.0
1595620338.3145845	1152.0
1595620338.3395844	1168.0
1595620338.3645842	1165.0
1595620338.3895843	1141.0
1595620338.4145842	1182.0
1595620338.439584	1194.0
1595620338.464584	1111.0
1595620338.489584	1111.0
1595620338.5145838	1196.0
1595620338.5395842	1166.0
1595620338.564584	1103.0
1595620338.5895839	1153.0
1595620338.614584	1150.0
1595620338.6395838	1129.0
1595620338.6645837	1173.0
1595620338.6895838	1196.0
1595620338.7145836	1191.0
1595620338.7395835	1251.0
1595620338.7645836	1144.0
1595620338.7895834	1139.0
1595620338.8145835	1175.0
1595620338.8395836	1128.0
1595620338.8645835	1166.0
1595620338.8895833	1154.0
1595620338.9145834	1112.0
1595620338.9395833	1155.0
1595620338.9645832	1138.0
1595620338.9895833	1150.0
1595620339.014583	1103.0
1595620339.039583	1139.0
1595620339.0645833	1178.0
1595620339.0895832	1161.0
1595620339.1145833	1065.0
1595620339.139583	1150.0
1595620339.164583	1168.0
1595620339.189583	1132.0
1595620339.214583	1133.0
1595620339.2395828	1204.0
1595620339.2645829	1188.0
1595620339.2895827	1162.0
1595620339.3145826	1112.0
1595620339.339583	1178.0
1595620339.3645828	1182.0
1595620339.3895826	1134.0
1595620339.4145827	1133.0
1595620339.4395826	1143.0
1595620339.4645824	1197.0
1595620339.4895825	1150.0
1595620339.5145824	1165.0
1595620339.5395823	1214.0
1595620339.5645823	1132.0
1595620339.5895822	1168.0
1595620339.6145823	1134.0
1595620339.6395824	1128.0
1595620339.6645823	1149.0
1595620339.689582	1175.0
1595620339.7145822	1124.0
1595620339.739582	1132.0
1595620339.764582	1221.0
1595620339.789582	1187.0
1595620339.8145819	1134.0
1595620339.8395817	1140.0
1595620339.864582	1254.0
1595620339.889582	1150.0
1595620339.9145818	1108.0
1595620339.9395819	1142.0
1595620339.9645817	1180.0
1595620339.9895816	1149.0
1595620340.0145817	1201.0
1595620340.0395815	1078.0
1595620340.0645814	1147.0
1595620340.0895815	1170.0
1595620340.1145813	1150.0
1595620340.1395814	1206.0
1595620340.1645815	1132.0
1595620340.1895814	1186.0
1595620340.2145813	1205.0
1595620340.2395813	1168.0
1595620340.2645812	1060.0
1595620340.289581	1168.0
1595620340.3145812	1154.0
1595620340.339581	1212.0
1595620340.3645809	1205.0
1595620340.389581	1126.0
1595620340.414581	1124.0
1595620340.439581	1184.0
1595620340.464581	1164.0
1595620340.4895809	1156.0
1595620340.5145807	1170.0
1595620340.5395808	1151.0
1595620340.5645807	1175.0
1595620340.5895805	1191.0
1595620340.6145806	1167.0
1595620340.6395805	1123.0
1595620340.6645808	1181.0
1595620340.6895807	1199.0
1595620340.7145805	1149.0
1595620340.7395806	1197.0
1595620340.7645805	1126.0
1595620340.7895803	1137.0
1595620340.8145804	1104.0
1595620340.8395803	1180.0
1595620340.8645802	1127.0
1595620340.8895802	1144.0
1595620340.91458	1209.0
1595620340.9395802	1182.0
1595620340.9645803	1223.0
1595620340.9895802	1208.0
1595620341.01458	1219.0
1595620341.03958	1187.0
1595620341.06458	1161.0
1595620341.0895798	1108.0
1595620341.11458	1213.0
1595620341.1395798	1229.0
1595620341.1645796	1214.0
1595620341.1895797	1208.0
1595620341.2145798	1177.0
1595620341.2395797	1153.0
1595620341.2645798	1191.0
1595620341.2895796	1156.0
1595620341.3145795	1177.0
1595620341.3395796	1149.0
1595620341.3645794	1223.0
1595620341.3895793	1173.0
1595620341.4145794	1091.0
1595620341.4395792	1225.0
1595620341.4645793	1180.0
1595620341.4895794	1210.0
1595620341.5145793	1085.0
1595620341.5395792	1169.0
1595620341.5645792	1113.0
1595620341.589579	1161.0
1595620341.614579	1141.0
1595620341.639579	1138.0
1595620341.664579	1193.0
1595620341.6895788	1161.0
1595620341.7145789	1172.0
1595620341.739579	1161.0
1595620341.7645788	1091.0
1595620341.789579	1101.0
1595620341.8145788	1182.0
1595620341.8395786	1050.0
1595620341.8645787	1147.0
1595620341.8895786	1180.0
1595620341.9145784	1190.0
1595620341.9395785	1155.0
1595620341.9645784	1156.0
1595620341.9895782	1120.0
1595620342.0145786	1140.0
1595620342.0395784	1142.0
1595620342.0645783	1108.0
1595620342.0895784	1160.0
1595620342.1145782	1187.0
1595620342.139578	1134.0
1595620342.1645782	1129.0
1595620342.189578	1210.0
1595620342.214578	1229.0
1595620342.239578	1201.0
1595620342.264578	1126.0
1595620342.2895782	1164.0
1595620342.314578	1128.0
1595620342.339578	1135.0
1595620342.364578	1185.0
1595620342.3895779	1123.0
1595620342.4145777	1168.0
1595620342.4395778	1183.0
1595620342.4645777	1159.0
1595620342.4895775	1200.0
1595620342.5145774	1152.0
1595620342.5395777	1163.0
1595620342.5645776	1153.0
1595620342.5895777	1165.0
1595620342.6145775	1161.0
1595620342.6395774	1086.0
1595620342.6645775	1182.0
1595620342.6895773	1106.0
1595620342.7145772	1122.0
1595620342.7395773	1217.0
1595620342.7645772	1149.0
1595620342.789577	1109.0
1595620342.8145773	1127.0
1595620342.8395772	1223.0
1595620342.864577	1180.0
1595620342.8895772	1190.0
1595620342.914577	1151.0
1595620342.9395769	1227.0
1595620342.964577	1170.0
1595620342.9895768	1166.0
1595620343.0145767	1123.0
1595620343.0395768	1153.0
1595620343.0645769	1163.0
1595620343.0895767	1135.0
1595620343.1145768	1162.0
1595620343.1395767	1171.0
1595620343.1645765	1168.0
1595620343.1895766	1228.0
1595620343.2145765	1206.0
1595620343.2395763	1132.0
1595620343.2645764	1123.0
1595620343.2895763	1234.0
1595620343.3145761	1116.0
1595620343.3395765	1110.0
1595620343.3645763	1157.0
1595620343.3895762	1201.0
1595620343.4145763	1130.0
1595620343.4395761	1170.0
1595620343.464576	1173.0
1595620343.489576	1206.0
1595620343.514576	1139.0
1595620343.5395758	1233.0
1595620343.564576	1219.0
1595620343.5895758	1178.0
1595620343.6145759	1127.0
1595620343.639576	1197.0
1595620343.6645758	1061.0
1595620343.6895757	1234.0
1595620343.7145758	1168.0
1595620343.7395756	1095.0
1595620343.7645755	1168.0
1595620343.7895756	1198.0
1595620343.8145754	1141.0
1595620343.8395753	1182.0
1595620343.8645756	1174.0
1595620343.8895755	1133.0
1595620343.9145756	1163.0
1595620343.9395754	1102.0
1595620343.9645753	1127.0
1595620343.9895754	1160.0
1595620344.0145752	1177.0
1595620344.039575	1165.0
1595620344.064575	1180.0
1595620344.089575	1100.0
1595620344.114575	1175.0
1595620344.1395752	1115.0
1595620344.164575	1126.0
1595620344.189575	1175.0
1595620344.214575	1138.0
1595620344.239575	1209.0
1595620344.2645748	1178.0
1595620344.2895749	1110.0
1595620344.3145747	1132.0
1595620344.3395746	1180.0
1595620344.3645747	1137.0
1595620344.3895745	1070.0
1595620344.4145746	1158.0
1595620344.4395747	1134.0
1595620344.4645746	1192.0
1595620344.4895744	1157.0
1595620344.5145745	1110.0
1595620344.5395744	1119.0
1595620344.5645742	1144.0
1595620344.5895743	1164.0
1595620344.6145742	1075.0
1595620344.639574	1109.0
1595620344.6645744	1125.0
1595620344.6895742	1097.0
1595620344.714574	1216.0
1595620344.7395742	1150.0
1595620344.764574	1157.0
1595620344.789574	1223.0
1595620344.814574	1103.0
1595620344.8395739	1180.0
1595620344.8645737	1134.0
1595620344.8895738	1168.0
1595620344.9145737	1196.0
1595620344.9395738	1173.0
1595620344.9645739	1109.0
1595620344.9895737	1165.0
1595620345.0145736	1121.0
1595620345.0395737	1171.0
1595620345.0645735	1091.0
1595620345.0895734	1135.0
1595620345.1145735	1130.0
1595620345.1395733	1159.0
1595620345.1645732	1121.0
1595620345.1895733	1107.0
1595620345.2145734	1185.0