[{"0": [774, 39, 39, 37, 32, 35, 33, 37, 49, 30, 42, 32, 38, 32, 31, 315, 33, 30, 37, 53, 41, 37, 40, 46, 30, 33, 31, 41, 40, 34]}, null, null, 22000, false, [], false, 0, [], null, 0, 1602208432.288986, 0, {}]
[{"0": [39, 40, 34, 44, 37, 39, 41, 39, 39, 39, 41, 49, 33, 42, 46, 34, 31, 34, 61, 45, 49, 25, 52, 37, 32, 28, 39, 41, 40, 49]}, null, null, 22400, false, [], false, 0, [], null, 0, 1602208537.898129, 0, {}]
[{"0": [33, 46, 48, 39, 41, 32, 43, 37, 39, 35, 32, 43, 39, 39, 34, 32, 40, 42, 38, 43, 42, 38, 67, 48, 42, 34, 39, 40, 37, 44]}, null, null, 22800, false, [], false, 0, [], null, 0, 1602208608.1537726, 0, {}]
[{"0": [58, 28, 34, 45, 42, 30, 38, 35, 37, 44, 25, 54, 41, 47, 26, 35, 28, 35, 35, 37, 33, 41, 39, 35, 41, 41, 31, 39, 44, 32]}, null, null, 23200, false, [], false, 0, [], null, 0, 1602208658.267141, 0, {}]
[{"0": [41, 45, 36, 46, 47, 40, 46, 29, 47, 35, 35, 37, 40, 39, 31, 41, 44, 21, 33, 41, 33, 22, 45, 39, 28, 46, 42, 44, 38, 126]}, null, null, 23600, false, [], false, 0, [], null, 0, 1602208744.4376366, 0, {}]
[{"0": [44, 37, 39, 26, 36, 49, 48, 36, 28, 102, 37, 39, 41, 35, 27, 34, 30, 34, 33, 33, 28, 42, 31, 43, 44, 27, 30, 41, 36, 43]}, null, null, 24000, false, [], false, 0, [], null, 0, 1602208810.006078, 0, {}]
[{"0": [42, 45, 43, 37, 34, 30, 54, 46, 36, 39, 48, 34, 34, 34, 36, 40, 33, 40, 44, 47, 44, 42, 34, 48, 38, 35, 42, 48, 41, 41]}, null, null, 24400, false, [], false, 0, [], null, 0, 1602208886.7442534, 0, {}]
[{"0": [49, 38, 30, 34, 37, 39, 22, 29, 45, 31, 26, 32, 40, 32, 35, 41, 27, 31, 35, 42, 35, 34, 55, 41, 36, 20, 55, 36, 39, 33]}, null, null, 24800, false, [], false, 0, [], null, 0, 1602208967.007671, 0, {}]
[{"0": [33, 39, 29, 39, 39, 29, 48, 46, 30, 41, 30, 34, 108, 49, 39, 35, 40, 39, 42, 41, 32, 33, 35, 46, 28, 32, 48, 29, 37, 24]}, null, null, 25200, false, [], false, 0, [], null, 0, 1602209014.9082687, 0, {}]
[{"0": [36, 38, 40, 45, 114, 34, 30, 23, 42, 33, 57, 115, 35, 48, 43, 34, 41, 47, 42, 25, 38, 33, 51, 41, 27, 32, 37, 37, 41, 37]}, null, null, 25600, false, [], false, 0, [], null, 0, 1602209111.688285, 0, {}]
[{"0": [32, 42, 32, 35, 32, 53, 37, 36, 36, 42, 26, 40, 38, 56, 33, 28, 34, 29, 45, 21, 33, 36, 35, 45, 37, 37, 48, 36, 34, 29]}, null, null, 26000, false, [], false, 0, [], null, 0, 1602209194.420462, 0, {}]
[{"0": [46, 39, 35, 42, 36, 37, 30, 122, 48, 39, 30, 41, 34, 45, 31, 39, 30, 41, 43, 40, 29, 46, 35, 21, 47, 36, 31, 30, 41, 32]}, null, null, 26400, false, [], false, 0, [], null, 0, 1602209268.7852352, 0, {}]
[{"0": [46, 38, 31, 31, 49, 27, 37, 41, 32, 31, 36, 39, 31, 32, 35, 32, 37, 29, 43, 28, 40, 29, 36, 49, 34, 43, 46, 28, 38, 38]}, null, null, 26800, false, [], false, 0, [], null, 0, 1602209339.870155, 0, {}]
[{"0": [34, 27, 28, 26, 32, 29, 31, 40, 39, 50, 40, 28, 38, 40, 54, 29, 33, 34, 24, 32, 31, 35, 44, 43, 38, 49, 39, 55, 38, 36]}, null, null, 27200, false, [], false, 0, [], null, 0, 1602209410.9630325, 0, {}]
[{"0": [35, 28, 40, 32, 156, 30, 37, 41, 31, 40, 98, 29, 33, 39, 32, 43, 37, 46, 31, 40, 41, 32, 39, 30, 59, 38, 37, 41, 33, 38]}, null, null, 27600, false, [], false, 0, [], null, 0, 1602209474.7358632, 0, {}]
[{"0": [41, 42, 35, 32, 42, 41, 43, 32, 59, 22, 31, 42, 32, 27, 37, 31, 29, 38, 41, 34, 29, 33, 34, 40, 38, 48, 41, 41, 39, 29]}, null, null, 28000, false, [], false, 0, [], null, 0, 1602209564.543621, 0, {}]
[{"0": [34, 38, 38, 41, 28, 44, 45, 35, 37, 47, 39, 38, 34, 30, 36, 28, 28, 32, 34, 20, 42, 31, 37, 40, 40, 40, 39, 35, 26, 33]}, null, null, 28400, false, [], false, 0, [], null, 0, 1602209633.264479, 0, {}]
[{"0": [41, 38, 22, 34, 26, 41, 30, 35, 34, 32, 39, 48, 41, 38, 31, 54, 39, 33, 39, 37, 29, 42, 54, 49, 36, 35, 31, 26, 42, 42]}, null, null, 28800, false, [], false, 0, [], null, 0, 1602209697.648281, 0, {}]
[{"0": [33, 36, 53, 35, 64, 35, 39, 35, 57, 31, 44, 47, 41, 36, 42, 44, 27, 27, 43, 32, 31, 39, 31, 37, 25, 38, 38, 40, 34, 27]}, null, null, 29200, false, [], false, 0, [], null, 0, 1602209762.701415, 0, {}]
[{"0": [35, 41, 28, 33, 53, 45, 36, 48, 58, 31, 32, 42, 33, 41, 90, 29, 109, 45, 46, 45, 35, 32, 45, 46, 39, 39, 31, 36, 30, 38]}, null, null, 29600, false, [], false, 0, [], null, 0, 1602209825.3133483, 0, {}]
[{"0": [33, 37, 22, 34, 23, 24, 34, 42, 525, 43, 29, 53, 50, 39, 48, 34, 56, 53, 535, 24, 42, 35, 49, 48, 93, 30, 73, 40, 35, 38]}, null, null, 30000, false, [], false, 0, [], null, 0, 1602209918.7821565, 0, {}]
[{"0": [49, 46, 47, 56, 40, 47, 28, 33, 36, 40, 35, 25, 57, 59, 44, 65, 36, 40, 46, 31, 33, 33, 27, 93, 39, 40, 41, 32, 46, 35]}, null, null, 30400, false, [], false, 0, [], null, 0, 1602210022.436742, 0, {}]
[{"0": [44, 43, 115, 49, 569, 48, 43, 55, 40, 38, 27, 38, 35, 32, 56, 25, 38, 39, 30, 121, 35, 62, 125, 39, 57, 42, 540, 38, 72, 35]}, null, null, 30800, false, [], false, 0, [], null, 0, 1602210103.7408478, 0, {}]
[{"0": [44, 38, 49, 44, 29, 51, 40, 53, 25, 47, 39, 36, 47, 42, 39, 34, 37, 37, 31, 54, 28, 41, 37, 37, 43, 40, 31, 41, 27, 35]}, null, null, 31200, false, [], false, 0, [], null, 0, 1602210227.290427, 0, {}]
[{"0": [55, 39, 38, 33, 39, 52, 40, 36, 40, 40, 37, 36, 39, 34, 32, 55, 44, 36, 28, 47, 41, 49, 42, 31, 52, 39, 33, 33, 24, 35]}, null, null, 31600, false, [], false, 0, [], null, 0, 1602210299.8433797, 0, {}]
[{"0": [41, 38, 32, 36, 41, 37, 37, 39, 42, 35, 39, 37, 39, 30, 34, 28, 27, 30, 57, 26, 117, 31, 41, 34, 37, 43, 45, 31, 28, 25]}, null, null, 32000, false, [], false, 0, [], null, 0, 1602210366.0730126, 0, {}]
[{"0": [35, 35, 55, 44, 45, 39, 58, 60, 26, 47, 26, 38, 154, 31, 36, 33, 34, 45, 42, 130, 37, 117, 37, 40, 41, 46, 25, 39, 19, 32]}, null, null, 32400, false, [], false, 0, [], null, 0, 1602210447.5430088, 0, {}]
[{"0": [38, 30, 46, 30, 36, 37, 35, 44, 522, 66, 39, 28, 38, 42, 53, 32, 52, 37, 44, 32, 38, 34, 29, 30, 30, 40, 129, 39, 41, 40]}, null, null, 32800, false, [], false, 0, [], null, 0, 1602210552.8283648, 0, {}]
[{"0": [32, 51, 59, 52, 524, 41, 37, 54, 225, 73, 52, 39, 701, 39, 1922, 45, 34, 134, 59, 678, 64, 64, 25, 141, 58, 54, 45, 47, 34, 98]}, null, null, 33200, false, [], false, 0, [], null, 0, 1602210640.7325056, 0, {}]
[{"0": [103, 405, 66, 48, 277, 42, 66, 56, 94, 109, 118, 46, 668, 33, 37, 36, 53, 37, 366, 47, 134, 29, 183, 51, 122, 34, 286, 120, 42, 53]}, null, null, 33600, false, [], false, 0, [], null, 0, 1602210797.1980917, 0, {}]
[{"0": [154, 38, 47, 56, 38, 38, 123, 41, 576, 30, 329, 218, 32, 70, 176, 623, 51, 44, 35, 40, 40, 61, 28, 39, 107, 101, 464, 34, 24, 78]}, null, null, 34000, false, [], false, 0, [], null, 0, 1602211015.6443956, 0, {}]
[{"0": [491, 66, 382, 38, 184, 52, 135, 54, 106, 69, 308, 170, 56, 174, 373, 31, 39, 91, 138, 29, 125, 35, 28, 39, 88, 482, 48, 37, 44, 37]}, null, null, 34400, false, [], false, 0, [], null, 0, 1602211193.014866, 0, {}]
[{"0": [143, 102, 42, 48, 79, 57, 248, 619, 49, 50, 32, 33, 53, 55, 34, 54, 46, 51, 62, 42, 72, 443, 128, 88, 58, 50, 50, 34, 51, 29]}, null, null, 34800, false, [], false, 0, [], null, 0, 1602211422.5365663, 0, {}]
[{"0": [59, 42, 47, 60, 99, 246, 37, 72, 56, 47, 40, 157, 2556, 534, 163, 51, 58, 36, 101, 127, 52, 46, 57, 142, 37, 38, 101, 50, 34, 2560]}, null, null, 35200, false, [], false, 0, [], null, 0, 1602211567.605962, 0, {}]
[{"0": [485, 497, 909, 64, 73, 31, 44, 74, 490, 191, 61, 25, 39, 38, 25, 44, 121, 46, 50, 38, 803, 54, 50, 82, 238, 37, 148, 41, 57, 172]}, null, null, 35600, false, [], false, 0, [], null, 0, 1602211760.4699144, 0, {}]
[{"0": [31, 31, 43, 38, 30, 33, 34, 32, 67, 69, 73, 48, 830, 126, 58, 541, 54, 36, 44, 66, 46, 31, 112, 113, 79, 57, 37, 31, 55, 123]}, null, null, 36000, false, [], false, 0, [], null, 0, 1602211949.6558523, 0, {}]
[{"0": [48, 27, 80, 39, 403, 35, 47, 36, 37, 68, 40, 86, 89, 49, 153, 56, 40, 49, 46, 66, 63, 43, 49, 41, 61, 31, 56, 56, 31, 42]}, null, null, 36400, false, [], false, 0, [], null, 0, 1602212090.7112794, 0, {}]
[{"0": [71, 41, 43, 61, 39, 1195, 240, 96, 839, 37, 50, 34, 45, 56, 115, 136, 51, 49, 34, 46, 24, 78, 35, 36, 59, 49, 47, 60, 36, 26]}, null, null, 36800, false, [], false, 0, [], null, 0, 1602212207.1584475, 0, {}]
[{"0": [62, 62, 145, 617, 233, 133, 36, 57, 27, 48, 63, 46, 31, 33, 43, 36, 71, 32, 25, 45, 30, 31, 75, 48, 40, 47, 46, 98, 40, 50]}, null, null, 37200, false, [], false, 0, [], null, 0, 1602212334.3988912, 0, {}]
[{"0": [31, 31, 30, 29, 31, 89, 30, 32, 55, 51, 34, 38, 52, 34, 81, 72, 57, 34, 50, 73, 43, 43, 37, 41, 38, 55, 35, 49, 33, 39]}, null, null, 37600, false, [], false, 0, [], null, 0, 1602212454.6434271, 0, {}]
[{"0": [69, 39, 27, 174, 36, 30, 36, 42, 39, 41, 43, 42, 47, 33, 47, 627, 44, 37, 44, 35, 41, 26, 53, 55, 34, 37, 54, 52, 53, 69]}, null, null, 38000, false, [], false, 0, [], null, 0, 1602212544.910865, 0, {}]
[{"0": [40, 30, 37, 34, 36, 27, 29, 30, 23, 30, 37, 59, 35, 471, 37, 66, 35, 28, 41, 44, 59, 1248, 43, 36, 42, 24, 27, 28, 68, 28]}, null, null, 38400, false, [], false, 0, [], null, 0, 1602212637.3853621, 0, {}]
[{"0": [36, 23, 39, 38, 32, 32, 28, 45, 47, 44, 49, 32, 33, 22, 48, 37, 40, 32, 33, 39, 33, 39, 44, 76, 34, 29, 47, 30, 53, 47]}, null, null, 38800, false, [], false, 0, [], null, 0, 1602212733.8495219, 0, {}]
[{"0": [31, 30, 29, 32, 46, 34, 40, 43, 35, 31, 37, 26, 34, 47, 33, 916, 44, 35, 46, 41, 45, 50, 33, 31, 35, 45, 46, 33, 37, 34]}, null, null, 39200, false, [], false, 0, [], null, 0, 1602212799.8952773, 0, {}]
[{"0": [25, 29, 35, 42, 29, 33, 39, 44, 271, 48, 37, 52, 34, 32, 37, 40, 45, 36, 32, 32, 44, 36, 37, 37, 23, 41, 28, 43, 36, 34]}, null, null, 39600, false, [], false, 0, [], null, 0, 1602212861.659911, 0, {}]
[{"0": [38, 39, 44, 630, 44, 45, 36, 44, 33, 35, 40, 37, 29, 582, 65, 24, 33, 61, 41, 33, 35, 23, 28, 39, 26, 32, 109, 37, 30, 37]}, null, null, 40000, true, [], false, 0, [], null, 0, 1602212964.3793283, 0, {}]
