[{"0": [38, 34, 33, 40, 47, 30, 33, 40, 30, 36, 65, 22, 40, 32, 40, 26, 59, 49, 35, 32, 42, 36, 25, 32, 26, 27, 33, 32, 42, 64]}, null, null, 22000, false, [], false, 0, [], null, 0, 1602213050.8722138, 0, {}]
[{"0": [34, 37, 37, 32, 25, 41, 37, 39, 38, 45, 42, 28, 36, 40, 33, 50, 38, 32, 33, 39, 37, 34, 35, 33, 27, 24, 35, 33, 28, 36]}, null, null, 22400, false, [], false, 0, [], null, 0, 1602213138.785349, 0, {}]
[{"0": [41, 49, 41, 35, 25, 33, 43, 42, 35, 40, 35, 31, 38, 37, 37, 38, 28, 31, 21, 28, 37, 27, 39, 42, 32, 38, 37, 43, 36, 20]}, null, null, 22800, false, [], false, 0, [], null, 0, 1602213188.0949323, 0, {}]
[{"0": [33, 39, 31, 46, 36, 48, 45, 44, 41, 54, 35, 45, 123, 48, 29, 118, 28, 39, 35, 47, 29, 29, 38, 35, 37, 31, 28, 34, 27, 41]}, null, null, 23200, false, [], false, 0, [], null, 0, 1602213242.9877322, 0, {}]
[{"0": [37, 27, 37, 44, 27, 43, 33, 38, 39, 29, 25, 39, 40, 44, 32, 35, 40, 46, 28, 35, 36, 33, 44, 45, 37, 30, 46, 35, 49, 31]}, null, null, 23600, false, [], false, 0, [], null, 0, 1602213356.4173555, 0, {}]
[{"0": [35, 41, 36, 32, 44, 27, 28, 41, 27, 37, 39, 36, 39, 36, 33, 40, 35, 32, 33, 30, 31, 30, 31, 31, 58, 27, 37, 35, 31, 28]}, null, null, 24000, false, [], false, 0, [], null, 0, 1602213405.2112446, 0, {}]
[{"0": [39, 36, 27, 36, 35, 45, 24, 31, 24, 38, 38, 37, 34, 36, 38, 40, 38, 47, 46, 38, 60, 31, 36, 38, 43, 31, 30, 33, 33, 40]}, null, null, 24400, false, [], false, 0, [], null, 0, 1602213477.4466105, 0, {}]
[{"0": [38, 36, 43, 34, 39, 44, 43, 27, 28, 25, 41, 29, 45, 31, 45, 25, 34, 32, 34, 43, 46, 35, 39, 35, 41, 30, 31, 36, 48, 41]}, null, null, 24800, false, [], false, 0, [], null, 0, 1602213555.3051436, 0, {}]
[{"0": [36, 29, 34, 54, 38, 36, 33, 32, 46, 35, 43, 38, 37, 27, 37, 29, 36, 38, 41, 32, 36, 36, 31, 38, 29, 37, 41, 57, 27, 38]}, null, null, 25200, false, [], false, 0, [], null, 0, 1602213598.5137138, 0, {}]
[{"0": [24, 48, 26, 31, 36, 31, 33, 45, 42, 31, 38, 31, 31, 33, 33, 30, 33, 34, 34, 24, 38, 35, 41, 47, 32, 43, 32, 39, 38, 37]}, null, null, 25600, false, [], false, 0, [], null, 0, 1602213667.8464139, 0, {}]
[{"0": [33, 32, 31, 27, 40, 37, 36, 44, 34, 34, 32, 28, 39, 29, 39, 36, 44, 32, 53, 25, 33, 33, 37, 42, 40, 29, 31, 48, 45, 26]}, null, null, 26000, false, [], false, 0, [], null, 0, 1602213754.061772, 0, {}]
[{"0": [33, 123, 34, 39, 30, 39, 43, 31, 25, 19, 36, 35, 33, 27, 32, 27, 29, 30, 27, 37, 43, 30, 41, 47, 38, 31, 30, 39, 38, 23]}, null, null, 26400, false, [], false, 0, [], null, 0, 1602213802.4215386, 0, {}]
[{"0": [33, 39, 36, 43, 38, 41, 43, 33, 35, 38, 31, 36, 27, 39, 50, 37, 39, 32, 35, 47, 27, 43, 52, 40, 24, 32, 31, 44, 34, 28]}, null, null, 26800, false, [], false, 0, [], null, 0, 1602213892.6471746, 0, {}]
[{"0": [28, 24, 36, 36, 43, 35, 43, 40, 31, 34, 32, 30, 24, 40, 26, 39, 43, 34, 39, 33, 41, 35, 42, 26, 33, 33, 29, 39, 42, 44]}, null, null, 27200, false, [], false, 0, [], null, 0, 1602213959.942081, 0, {}]
[{"0": [37, 21, 22, 39, 40, 37, 32, 34, 41, 45, 33, 20, 39, 43, 25, 33, 26, 33, 34, 35, 30, 35, 42, 43, 54, 38, 34, 46, 22, 32]}, null, null, 27600, false, [], false, 0, [], null, 0, 1602214011.2107904, 0, {}]
[{"0": [35, 42, 38, 32, 29, 38, 31, 36, 30, 33, 37, 45, 30, 32, 116, 28, 37, 29, 36, 30, 36, 30, 32, 114, 43, 34, 35, 33, 114, 28]}, null, null, 28000, false, [], false, 0, [], null, 0, 1602214098.623954, 0, {}]
[{"0": [34, 44, 51, 44, 38, 38, 25, 36, 32, 41, 30, 35, 39, 30, 45, 35, 58, 40, 38, 33, 41, 36, 28, 38, 27, 46, 38, 21, 35, 49]}, null, null, 28400, false, [], false, 0, [], null, 0, 1602214173.78911, 0, {}]
[{"0": [35, 48, 13, 50, 28, 33, 21, 34, 36, 35, 33, 32, 43, 43, 35, 32, 44, 33, 51, 29, 27, 30, 49, 42, 43, 33, 48, 68, 35, 43]}, null, null, 28800, false, [], false, 0, [], null, 0, 1602214239.1111803, 0, {}]
[{"0": [41, 36, 61, 68, 34, 34, 39, 24, 42, 36, 33, 39, 44, 47, 38, 35, 40, 46, 45, 41, 47, 38, 36, 41, 34, 34, 50, 41, 39, 26]}, null, null, 29200, false, [], false, 0, [], null, 0, 1602214333.0987897, 0, {}]
[{"0": [28, 34, 37, 29, 35, 34, 31, 35, 38, 55, 38, 38, 53, 41, 66, 30, 45, 29, 53, 33, 32, 44, 33, 39, 39, 56, 31, 43, 357, 44]}, null, null, 29600, false, [], false, 0, [], null, 0, 1602214388.3298643, 0, {}]
[{"0": [30, 41, 23, 38, 37, 45, 35, 37, 59, 40, 94, 55, 33, 37, 33, 32, 48, 33, 26, 41, 24, 46, 27, 31, 33, 26, 40, 34, 31, 44]}, null, null, 30000, false, [], false, 0, [], null, 0, 1602214466.6645632, 0, {}]
[{"0": [30, 36, 37, 34, 55, 48, 29, 42, 66, 40, 31, 45, 24, 33, 34, 53, 40, 56, 116, 45, 47, 28, 32, 49, 45, 28, 40, 36, 42, 29]}, null, null, 30400, false, [], false, 0, [], null, 0, 1602214548.2967489, 0, {}]
[{"0": [32, 33, 45, 53, 36, 44, 41, 44, 36, 27, 29, 27, 40, 30, 25, 23, 32, 53, 38, 39, 51, 34, 52, 24, 38, 24, 32, 51, 41, 35]}, null, null, 30800, false, [], false, 0, [], null, 0, 1602214628.8289726, 0, {}]
[{"0": [38, 46, 29, 40, 29, 37, 34, 55, 60, 37, 44, 32, 34, 41, 37, 35, 37, 27, 63, 40, 38, 55, 47, 44, 36, 48, 37, 610, 39, 36]}, null, null, 31200, false, [], false, 0, [], null, 0, 1602214696.2431388, 0, {}]
[{"0": [34, 53, 35, 30, 38, 40, 41, 34, 71, 40, 625, 31, 35, 37, 51, 39, 40, 27, 27, 35, 22, 39, 47, 38, 29, 37, 36, 32, 27, 38]}, null, null, 31600, false, [], false, 0, [], null, 0, 1602214775.545296, 0, {}]
[{"0": [41, 46, 32, 37, 43, 33, 37, 27, 45, 38, 36, 37, 36, 36, 49, 40, 39, 30, 53, 40, 40, 40, 33, 74, 31, 34, 40, 48, 34, 34]}, null, null, 32000, false, [], false, 0, [], null, 0, 1602214857.5537753, 0, {}]
[{"0": [43, 38, 52, 39, 39, 29, 34, 26, 33, 37, 32, 50, 48, 34, 34, 517, 44, 47, 46, 77, 38, 45, 48, 30, 34, 42, 25, 39, 41, 37]}, null, null, 32400, false, [], false, 0, [], null, 0, 1602214926.1115274, 0, {}]
[{"0": [36, 49, 49, 48, 60, 29, 43, 43, 45, 82, 82, 55, 39, 80, 42, 57, 45, 31, 51, 114, 22, 53, 49, 50, 29, 44, 403, 29, 72, 34]}, null, null, 32800, false, [], false, 0, [], null, 0, 1602215008.5760586, 0, {}]
[{"0": [37, 33, 40, 41, 169, 130, 36, 64, 34, 55, 36, 37, 92, 33, 56, 130, 38, 33, 44, 147, 34, 24, 220, 44, 34, 37, 45, 3503, 48, 41]}, null, null, 33200, false, [], false, 0, [], null, 0, 1602215118.5816295, 0, {}]
[{"0": [69, 91, 216, 323, 151, 561, 133, 102, 49, 192, 476, 48, 42, 155, 56, 431, 254, 66, 43, 133, 46, 33, 41, 60, 74, 44, 41, 38, 77, 33]}, null, null, 33600, false, [], false, 0, [], null, 0, 1602215269.5772204, 0, {}]
[{"0": [77, 348, 213, 48, 44, 81, 162, 68, 205, 2678, 46, 45, 48, 63, 46, 61, 46, 79, 40, 52, 76, 42, 332, 61, 68, 321, 69, 68, 41, 59]}, null, null, 34000, false, [], false, 0, [], null, 0, 1602215484.398845, 0, {}]
[{"0": [584, 42, 52, 41, 136, 808, 167, 46, 41, 28, 53, 53, 81, 74, 48, 530, 34, 38, 178, 89, 47, 51, 62, 190, 64, 69, 617, 39, 106, 118]}, null, null, 34400, false, [], false, 0, [], null, 0, 1602215643.7387385, 0, {}]
[{"0": [58, 50, 74, 541, 38, 832, 158, 33, 66, 69, 46, 128, 87, 64, 42, 40, 37, 29, 31, 44, 43, 50, 59, 41, 1051, 80, 293, 64, 256, 535]}, null, null, 34800, false, [], false, 0, [], null, 0, 1602215845.6040964, 0, {}]
[{"0": [44, 28, 1613, 83, 39, 40, 33, 53, 42, 43, 39, 52, 62, 45, 76, 693, 146, 37, 60, 819, 306, 46, 82, 36, 40, 105, 60, 86, 108, 589]}, null, null, 35200, false, [], false, 0, [], null, 0, 1602216014.4404397, 0, {}]
[{"0": [132, 355, 314, 571, 202, 118, 36, 49, 40, 34, 80, 134, 95, 41, 36, 53, 38, 55, 835, 359, 30, 44, 45, 496, 59, 79, 43, 52, 66, 35]}, null, null, 35600, false, [], false, 0, [], null, 0, 1602216214.1923382, 0, {}]
[{"0": [30, 49, 37, 40, 32, 48, 49, 42, 112, 43, 40, 49, 503, 50, 130, 668, 53, 69, 41, 56, 77, 63, 52, 43, 58, 74, 76, 55, 76, 56]}, null, null, 36000, false, [], false, 0, [], null, 0, 1602216395.6143994, 0, {}]
[{"0": [39, 39, 42, 37, 31, 30, 32, 29, 60, 60, 46, 178, 56, 94, 41, 140, 85, 45, 56, 49, 56, 158, 59, 58, 128, 36, 43, 27, 48, 55]}, null, null, 36400, false, [], false, 0, [], null, 0, 1602216508.002879, 0, {}]
[{"0": [47, 39, 28, 51, 87, 42, 79, 45, 39, 58, 36, 45, 90, 52, 39, 42, 32, 62, 42, 45, 61, 105, 45, 46, 626, 40, 44, 41, 42, 39]}, null, null, 36800, false, [], false, 0, [], null, 0, 1602216651.944553, 0, {}]
[{"0": [39, 40, 29, 42, 705, 94, 48, 28, 73, 713, 40, 38, 31, 54, 33, 30, 52, 31, 135, 50, 39, 41, 102, 44, 41, 39, 54, 46, 38, 57]}, null, null, 37200, false, [], false, 0, [], null, 0, 1602216765.9280303, 0, {}]
[{"0": [46, 43, 58, 34, 57, 39, 36, 50, 39, 50, 31, 47, 36, 39, 99, 63, 47, 38, 40, 33, 36, 145, 39, 39, 52, 40, 44, 53, 40, 34]}, null, null, 37600, false, [], false, 0, [], null, 0, 1602216884.800595, 0, {}]
[{"0": [42, 37, 42, 30, 39, 34, 43, 39, 57, 53, 43, 37, 2061, 35, 45, 45, 38, 35, 32, 38, 20, 573, 31, 39, 68, 47, 59, 42, 39, 38]}, null, null, 38000, false, [], false, 0, [], null, 0, 1602216977.5959504, 0, {}]
[{"0": [43, 41, 31, 42, 45, 51, 1320, 43, 43, 40, 28, 35, 52, 52, 44, 32, 39, 49, 37, 40, 45, 40, 76, 56, 68, 61, 44, 38, 49, 41]}, null, null, 38400, false, [], false, 0, [], null, 0, 1602217068.8978007, 0, {}]
[{"0": [52, 38, 34, 48, 551, 54, 35, 50, 40, 55, 53, 61, 36, 41, 304, 28, 37, 51, 31, 37, 38, 34, 32, 34, 40, 43, 67, 43, 52, 54]}, null, null, 38800, false, [], false, 0, [], null, 0, 1602217143.2413805, 0, {}]
[{"0": [59, 39, 45, 34, 763, 34, 38, 33, 62, 38, 41, 45, 34, 41, 34, 42, 49, 119, 31, 40, 32, 38, 55, 598, 41, 46, 38, 46, 57, 567]}, null, null, 39200, false, [], false, 0, [], null, 0, 1602217229.9354122, 0, {}]
[{"0": [35, 33, 42, 40, 42, 111, 36, 56, 46, 46, 573, 41, 31, 77, 34, 41, 31, 39, 38, 42, 36, 42, 197, 38, 37, 39, 44, 40, 35, 45]}, null, null, 39600, false, [], false, 0, [], null, 0, 1602217346.5501919, 0, {}]
[{"0": [51, 171, 54, 45, 38, 28, 464, 40, 60, 43, 36, 48, 46, 53, 46, 33, 34, 30, 43, 37, 35, 44, 48, 586, 39, 38, 41, 43, 34, 50]}, null, null, 40000, true, [], false, 0, [], null, 0, 1602217449.17375, 0, {}]
